a	d	CA	CB	CC	CD	CD	CE	CW
ATM0	DATE0	    -1839.      401.     -401.        4.      689.     1862.
ATM0	DATE1	     3418.     -107.      107.      498.      734.      443.
ATM0	DATE2	    -1828.     -573.      573.       89.     -202.     2537.
ATM0	DATE3	       15.    -1147.     1147.        3.     3409.      152.
ATM0	DATE4	     -526.      994.     -994.     3779.    -1926.     3024.
ATM0	DATE5	    -1204.     1102.    -1102.      965.     -204.     1423.
ATM0	DATE6	     3719.     1958.    -1958.     4032.     -856.     1454.
ATM0	DATE7	     3778.     -113.      113.      163.    -2072.     2420.
ATM0	DATE8	     7824.      334.     -334.     1454.    -1071.     1941.
ATM0	DATE9	     -278.      851.     -851.      609.     -701.     1771.
ATM0	DATE10	    -1428.    -1185.     1185.      640.     1449.        9.
ATM0	DATE11	     2885.    -1539.     1539.     1082.     1438.     1784.
ATM0	DATE12	    -1657.    -3083.     3083.     1260.     2635.     1505.
ATM0	DATE13	     3239.    -1022.     1022.       62.      639.     1892.
ATM0	DATE14	     1999.     1060.    -1060.      729.     -193.      454.
ATM0	DATE15	     -291.      873.     -873.       17.     -641.     1468.
ATM0	DATE16	     -737.      -45.       45.     1639.     -186.     1594.
ATM0	DATE17	     5311.     1302.    -1302.     2176.     -765.     2066.
ATM0	DATE18	     1879.      860.     -860.      132.      333.      753.
ATM0	DATE19	     1609.    -1711.     1711.      834.     1749.      308.
ATM0	DATE20	      807.     1795.    -1795.      198.    -1853.     2328.
ATM0	DATE21	    -1683.    -1751.     1751.      231.    -1331.     3434.
ATM0	DATE22	     -729.     -177.      177.     1187.    -1363.     2126.
ATM0	DATE23	     3361.      -36.       36.      927.     -811.     1454.
ATM0	DATE24	     1197.      276.     -276.     1590.     -637.     1535.
ATM0	DATE25	     6895.      602.     -602.      353.      182.     1738.
ATM0	DATE26	    -1306.      715.     -715.      578.    -1713.     3417.
ATM0	DATE27	     -401.       98.      -98.      845.     -225.     1032.
ATM0	DATE28	     2924.     -854.      854.     3001.     1440.     1013.
ATM0	DATE29	      136.     2566.    -2566.      852.    -1180.     1301.
ATM0	DATE30	     8896.     -269.      269.      573.      -73.     1162.
ATM0	DATE31	     4305.     -856.      856.     1375.     1045.      359.
ATM0	DATE32	     -970.      113.     -113.       24.     -267.     2114.
ATM0	DATE33	     -257.    -2074.     2074.      173.     2275.      362.
ATM0	DATE34	     4702.     -162.      162.      993.     -349.     3013.
ATM0	DATE35	     1645.     -316.      316.     3519.      252.     1409.
ATM0	DATE36	     3091.     1855.    -1855.       43.    -1470.     2026.
ATM0	DATE37	     1703.    -1728.     1728.      402.      158.     1923.
ATM0	DATE38	     1531.     -301.      301.      610.      214.      828.
ATM0	DATE39	     -541.     -216.      216.     1358.      335.      344.
ATM0	DATE40	      976.      117.     -117.      296.    -2002.     3031.
ATM0	DATE41	    -1228.     -287.      287.      258.      895.     1203.
ATM0	DATE42	      828.     2334.    -2334.     2008.     -929.     1554.
ATM0	DATE43	     2596.     -392.      392.     2558.      733.       96.
ATM0	DATE44	     1503.      -46.       46.      266.    -2829.     3001.
ATM0	DATE45	      550.      622.     -622.      999.    -2868.     3359.
ATM0	DATE46	     8361.     1549.    -1549.     1144.    -1627.     1861.
ATM0	DATE47	    -1579.     -606.      606.        6.     1602.      639.
ATM0	DATE48	     8536.    -1049.     1049.     1874.     2914.      760.
ATM0	DATE49	     4189.      760.     -760.      336.      119.     1081.
ATM1	DATE0	     3788.     1047.    -1047.     2345.     -458.      590.
ATM1	DATE1	     3247.     -278.      278.     1330.     -609.     2178.
ATM1	DATE2	      931.      210.     -210.      350.     2373.      107.
ATM1	DATE3	     -902.     1646.    -1646.      728.     -394.     2896.
ATM1	DATE4	    -1266.     -948.      948.     1754.    -1203.     3400.
ATM1	DATE5	     2853.     1109.    -1109.      243.     1064.     1355.
ATM1	DATE6	    -1382.     1151.    -1151.      899.      738.      957.
ATM1	DATE7	      -41.     3170.    -3170.      636.    -1454.     1962.
ATM1	DATE8	       -8.     -937.      937.      391.      318.      789.
ATM1	DATE9	     2868.      184.     -184.      134.     1701.      121.
ATM1	DATE10	     2865.      885.     -885.      793.      240.     1034.
ATM1	DATE11	     3515.     1244.    -1244.      994.      961.     1090.
ATM1	DATE12	     -626.     1101.    -1101.      544.     -727.     1594.
ATM1	DATE13	     3368.     2853.    -2853.     2505.       -7.      961.
ATM1	DATE14	     1315.      -93.       93.      126.    -2717.     4620.
ATM1	DATE15	    10398.    -1260.     1260.      525.    -2683.     4278.
ATM1	DATE16	    -1056.     -863.      863.       47.      864.      962.
ATM1	DATE17	     1130.     -646.      646.      283.    -1529.     3638.
ATM1	DATE18	     1965.     2275.    -2275.      460.      -10.       17.
ATM1	DATE19	     1820.     1166.    -1166.     2755.     -637.     2312.
ATM1	DATE20	     2730.      873.     -873.       13.     -112.      723.
ATM1	DATE21	     3440.      331.     -331.       12.     -334.     1748.
ATM1	DATE22	     3391.     -333.      333.       90.    -1641.     3494.
ATM1	DATE23	     1931.      764.     -764.      224.     -538.     2281.
ATM1	DATE24	     2541.      842.     -842.      474.    -1090.     1754.
ATM1	DATE25	      -97.       95.      -95.      123.    -1086.     1738.
ATM1	DATE26	    -1363.      730.     -730.      592.     -386.     2302.
ATM1	DATE27	     3208.     2141.    -2141.      565.     -284.     2012.
ATM1	DATE28	     -407.      -65.       65.      601.      689.     1213.
ATM1	DATE29	     1038.    -1182.     1182.     2386.     1573.      239.
ATM1	DATE30	       -3.     -454.      454.      116.      221.     1922.
ATM1	DATE31	     5502.     -251.      251.     1206.      198.      916.
ATM1	DATE32	    -1121.    -1769.     1769.     1540.     1906.     2273.
ATM1	DATE33	     3215.      496.     -496.      146.    -3033.     3596.
ATM1	DATE34	    -1909.     -283.      283.      436.     -253.     2453.
ATM1	DATE35	     -744.    -2138.     2138.     1251.     1387.     2006.
ATM1	DATE36	     3221.      344.     -344.      105.      340.      835.
ATM1	DATE37	     1631.    -1509.     1509.     1120.      243.     1517.
ATM1	DATE38	     2158.     -835.      835.      129.     2688.      169.
ATM1	DATE39	     -103.      775.     -775.     1986.    -2387.     2825.
ATM1	DATE40	     1813.     2149.    -2149.      161.     -722.     1931.
ATM1	DATE41	     5550.      684.     -684.      176.     1463.      283.
ATM1	DATE42	     1901.     1533.    -1533.     1830.     1262.      330.
ATM1	DATE43	    -1969.    -1551.     1551.      472.     1080.     1776.
ATM1	DATE44	     2119.     1025.    -1025.      483.    -1463.     2512.
ATM1	DATE45	     1580.     -868.      868.      290.    -1550.     2860.
ATM1	DATE46	     3294.      631.     -631.     1581.     1435.       38.
ATM1	DATE47	      509.     -509.      509.     1410.      776.      388.
ATM1	DATE48	     2541.     -740.      740.     1876.     -611.     2420.
ATM1	DATE49	     7941.      370.     -370.     1323.    -1327.     2243.
ATM2	DATE0	       -5.      923.     -923.      637.    -1597.     1775.
ATM2	DATE1	      746.     2003.    -2003.     3530.     -267.      815.
ATM2	DATE2	     2032.     1968.    -1968.       86.     -447.     1317.
ATM2	DATE3	      992.     2343.    -2343.      806.    -3073.     3818.
ATM2	DATE4	    -1479.       80.      -80.     1465.     -847.     2624.
ATM2	DATE5	     1606.      -46.       46.     1352.    -1879.     2311.
ATM2	DATE6	    -2094.    -2085.     2085.       32.     1058.     1375.
ATM2	DATE7	     1379.      418.     -418.     1297.      688.       63.
ATM2	DATE8	    -2084.     2239.    -2239.       88.     1216.     1118.
ATM2	DATE9	     3650.     1067.    -1067.      881.    -2221.     2695.
ATM2	DATE10	     2529.     -205.      205.       21.     1546.      972.
ATM2	DATE11	     -697.    -1745.     1745.     2215.     -330.     2333.
ATM2	DATE12	    10528.     1501.    -1501.      303.    -3065.     3098.
ATM2	DATE13	     1127.     1007.    -1007.      787.      188.     2857.
ATM2	DATE14	     -540.     -288.      288.      916.    -1129.     1865.
ATM2	DATE15	    12625.     1468.    -1468.      471.    -1512.     2792.
ATM2	DATE16	    -1826.    -1359.     1359.      151.      -91.     2744.
ATM2	DATE17	     2973.     -472.      472.     2405.     2495.      864.
ATM2	DATE18	     4367.      973.     -973.      729.    -2997.     3898.
ATM2	DATE19	     1914.      439.     -439.     1742.      -19.     1111.
ATM2	DATE20	      744.     -714.      714.     2426.      177.      729.
ATM2	DATE21	     -274.    -1927.     1927.      525.     1780.      729.
ATM2	DATE22	     2551.    -1038.     1038.     2071.      389.     1690.
ATM2	DATE23	      225.      255.     -255.      623.    -2247.     2528.
ATM2	DATE24	    -1437.    -2153.     2153.       24.      907.     1773.
ATM2	DATE25	      -12.      757.     -757.      875.     1006.      936.
ATM2	DATE26	     -531.     -168.      168.     1390.     -852.     2453.
ATM2	DATE27	     2265.       -6.        6.      954.    -1096.     1267.
ATM2	DATE28	      701.      963.     -963.      561.    -1545.     2448.
ATM2	DATE29	     2647.     -548.      548.      934.      417.      320.
ATM2	DATE30	    -1425.    -2910.     2910.      143.    -1825.     4927.
ATM2	DATE31	      -70.      338.     -338.       31.      627.     2219.
ATM2	DATE32	     2647.     1345.    -1345.     2186.     -159.      793.
ATM2	DATE33	     2562.     2315.    -2315.      787.       41.     1582.
ATM2	DATE34	    -2294.      793.     -793.     4127.      -87.     2456.
ATM2	DATE35	     -122.       46.      -46.     4286.     -454.     1364.
ATM2	DATE36	     1861.     1068.    -1068.      516.    -2119.     2751.
ATM2	DATE37	    -1053.    -1247.     1247.     2925.      584.     1873.
ATM2	DATE38	       96.    -1065.     1065.     1589.    -1483.     2766.
ATM2	DATE39	     -931.    -1421.     1421.      506.      298.     1912.
ATM2	DATE40	     3045.     -808.      808.     1820.    -1396.     3907.
ATM2	DATE41	    -1785.    -1848.     1848.      145.      395.     1719.
ATM2	DATE42	     1325.     2532.    -2532.     2079.    -1705.     2626.
ATM2	DATE43	     3908.     1166.    -1166.       22.    -1232.     1666.
ATM2	DATE44	     -472.     -413.      413.     1003.     1162.      299.
ATM2	DATE45	     1627.      973.     -973.      506.    -1344.     1558.
ATM2	DATE46	      332.      735.     -735.      456.     -351.      694.
ATM2	DATE47	     2345.      786.     -786.      217.    -2862.     3654.
ATM2	DATE48	     -769.    -1194.     1194.      419.     1961.      395.
ATM2	DATE49	     5046.      131.     -131.       12.    -1353.     2158.
ATM3	DATE0	     7718.      618.     -618.      424.    -2500.     2734.
ATM3	DATE1	     1303.     1005.    -1005.      516.    -1913.     3228.
ATM3	DATE2	     8205.     -306.      306.      247.     -783.     2054.
ATM3	DATE3	    -2481.      515.     -515.     1250.     2740.      333.
ATM3	DATE4	    -1296.     -512.      512.     2249.      957.      786.
ATM3	DATE5	     6040.    -2291.     2291.      396.     2933.      896.
ATM3	DATE6	     1847.      992.     -992.      540.     -982.     1853.
ATM3	DATE7	     5690.    -2002.     2002.      234.     2053.      934.
ATM3	DATE8	    -1934.    -1748.     1748.       47.     -525.     2844.
ATM3	DATE9	      -24.     -861.      861.      484.     -755.     2017.
ATM3	DATE10	     2983.     -843.      843.     1499.    -1429.     2795.
ATM3	DATE11	     1430.     1463.    -1463.      586.    -1082.     1403.
ATM3	DATE12	     1793.      560.     -560.      303.     -896.     2654.
ATM3	DATE13	     1462.      969.     -969.     1251.      377.      722.
ATM3	DATE14	     7245.    -1110.     1110.     1130.      -58.     1281.
ATM3	DATE15	     1881.      230.     -230.      494.    -2589.     3338.
ATM3	DATE16	     -524.     -940.      940.      253.     -558.     2104.
ATM3	DATE17	     5486.    -2291.     2291.     2570.     1175.     2300.
ATM3	DATE18	     8406.     -148.      148.     1292.     1102.     1039.
ATM3	DATE19	     -897.    -1197.     1197.      275.     -610.     2469.
ATM3	DATE20	      513.     1631.    -1631.      365.      226.      212.
ATM3	DATE21	     4142.     1499.    -1499.     1539.     -238.      747.
ATM3	DATE22	     7583.     2150.    -2150.     2089.      328.     1302.
ATM3	DATE23	    11233.      199.     -199.     1134.     -727.     1549.
ATM3	DATE24	    -1635.    -1166.     1166.      166.      401.     1905.
ATM3	DATE25	       28.     2376.    -2376.      535.    -3345.     3593.
ATM3	DATE26	    -1800.       -1.        1.      695.     1959.      546.
ATM3	DATE27	     7025.     1257.    -1257.      669.    -1527.     3601.
ATM3	DATE28	    -1985.    -1407.     1407.     1319.     1861.      282.
ATM3	DATE29	     2857.     1295.    -1295.       38.    -2271.     2483.
ATM3	DATE30	     6608.     -672.      672.     1084.     1444.     1359.
ATM3	DATE31	     1905.      807.     -807.     1424.    -1590.     1845.
ATM3	DATE32	     3798.     -791.      791.     2813.     -912.     3074.
ATM3	DATE33	    -2014.      919.     -919.     2080.      -14.     2112.
ATM3	DATE34	     4157.      856.     -856.     1153.    -1920.     2376.
ATM3	DATE35	      302.     -861.      861.      619.     -287.     2437.
ATM3	DATE36	     -627.     -404.      404.      145.     -434.     1465.
ATM3	DATE37	     3218.      930.     -930.      494.    -1061.     1571.
ATM3	DATE38	     -949.     1790.    -1790.      355.     -896.     1865.
ATM3	DATE39	     1273.    -3273.     3273.     1684.     2086.     1324.
ATM3	DATE40	     2611.    -1753.     1753.      517.     1407.     2607.
ATM3	DATE41	      442.    -1451.     1451.       89.      630.     1092.
ATM3	DATE42	     5140.     1405.    -1405.      680.    -3245.     3986.
ATM3	DATE43	      483.     -776.      776.     1373.     -251.     1356.
ATM3	DATE44	     7100.     1010.    -1010.      942.    -1032.     2295.
ATM3	DATE45	     3647.     2002.    -2002.     1966.      -24.     1025.
ATM3	DATE46	     1902.     1096.    -1096.      566.      516.      687.
ATM3	DATE47	    -1388.      735.     -735.      701.     1612.      133.
ATM3	DATE48	     2198.    -1168.     1168.     1576.     2205.     1050.
ATM3	DATE49	     9726.     -407.      407.     1244.     -234.      871.
ATM4	DATE0	      391.     -329.      329.      842.    -1664.     3123.
ATM4	DATE1	     -366.    -2414.     2414.      256.      495.     1975.
ATM4	DATE2	    -2162.     -571.      571.      894.     2408.      928.
ATM4	DATE3	     -165.      279.     -279.     2115.    -1474.     2530.
ATM4	DATE4	    -2444.    -2393.     2393.      141.    -1744.     4217.
ATM4	DATE5	     -334.      463.     -463.       38.    -1134.     1845.
ATM4	DATE6	       -8.    -1438.     1438.     1997.       79.     1685.
ATM4	DATE7	      -98.     -568.      568.     1284.    -2938.     4215.
ATM4	DATE8	     6024.      -28.       28.     4230.      430.     1353.
ATM4	DATE9	     3118.    -1408.     1408.      609.      432.     1889.
ATM4	DATE10	    10007.     -894.      894.      394.     -884.     3753.
ATM4	DATE11	    -1663.      181.     -181.     4990.     2157.       27.
ATM4	DATE12	     5360.      281.     -281.     1243.     -265.     1660.
ATM4	DATE13	      750.     1684.    -1684.      200.    -3674.     3971.
ATM4	DATE14	      159.     1000.    -1000.      404.    -3079.     3507.
ATM4	DATE15	    -1908.     -828.      828.       41.      528.     1496.
ATM4	DATE16	     -395.      645.     -645.     1726.       -8.      799.
ATM4	DATE17	      268.     -458.      458.     1509.      123.     3005.
ATM4	DATE18	     -590.     -345.      345.      354.    -1261.     2707.
ATM4	DATE19	     -323.      913.     -913.      361.      843.      986.
ATM4	DATE20	    -3066.    -1207.     1207.       63.      -36.     3540.
ATM4	DATE21	    -1018.     -500.      500.      375.     1018.       43.
ATM4	DATE22	     4630.      558.     -558.     1335.    -1162.     2136.
ATM4	DATE23	    -1565.    -1955.     1955.      148.      608.     2646.
ATM4	DATE24	     2763.      823.     -823.      613.     -291.     1181.
ATM4	DATE25	     1538.    -1198.     1198.     1508.      -80.     1346.
ATM4	DATE26	    -1545.    -1219.     1219.     1690.    -2073.     3762.
ATM4	DATE27	     2175.     -193.      193.     2955.      265.      434.
ATM4	DATE28	     5551.     1324.    -1324.     1186.    -1081.     2072.
ATM4	DATE29	     3513.     1138.    -1138.     1490.    -1050.     1944.
ATM4	DATE30	    -2032.    -1016.     1016.      229.    -2023.     4298.
ATM4	DATE31	    -1051.     -371.      371.      342.     1255.     1719.
ATM4	DATE32	     1390.      504.     -504.     2473.     -657.     2439.
ATM4	DATE33	     2224.    -1829.     1829.     3809.      326.     2935.
ATM4	DATE34	     -861.     -610.      610.     1562.    -1755.     3960.
ATM4	DATE35	    11159.      615.     -615.      935.     -230.      395.
ATM4	DATE36	    -2368.    -2188.     2188.     2507.     1785.     1008.
ATM4	DATE37	     3306.      414.     -414.      908.     -129.     1494.
ATM4	DATE38	    -3160.    -1699.     1699.       59.     3207.      322.
ATM4	DATE39	     4078.    -1159.     1159.      374.     -868.     2686.
ATM4	DATE40	     3192.      126.     -126.      817.      468.     1175.
ATM4	DATE41	     1357.      312.     -312.     3102.     1125.      942.
ATM4	DATE42	     7757.     -361.      361.      592.     -403.     1028.
ATM4	DATE43	     1462.     -406.      406.      148.     1002.      300.
ATM4	DATE44	     5268.     1395.    -1395.     2336.      322.      987.
ATM4	DATE45	     1682.     -364.      364.       79.     -387.     1778.
ATM4	DATE46	     8496.     2546.    -2546.      741.    -2707.     3147.
ATM4	DATE47	     -642.     -128.      128.      646.     2952.       18.
ATM4	DATE48	     -815.      596.     -596.     1182.     1063.      185.
ATM4	DATE49	     -277.    -1373.     1373.     1383.      635.     1116.
ATM5	DATE0	     -213.     -110.      110.     1262.    -2663.     4328.
ATM5	DATE1	    -1153.    -1183.     1183.      815.      861.      427.
ATM5	DATE2	     4132.    -1473.     1473.      986.     1461.     1494.
ATM5	DATE3	    -1979.     -376.      376.     1814.      780.     2118.
ATM5	DATE4	     7401.      703.     -703.      357.    -1037.     2278.
ATM5	DATE5	    -1228.     -952.      952.     2980.      160.     2786.
ATM5	DATE6	     3980.       86.      -86.     3303.     3148.      392.
ATM5	DATE7	     1177.      788.     -788.     1996.     1228.      780.
ATM5	DATE8	     -970.      482.     -482.     1462.     -123.     1303.
ATM5	DATE9	     2483.      -66.       66.      721.     -437.     2257.
ATM5	DATE10	      858.     2087.    -2087.      744.      798.      647.
ATM5	DATE11	     2295.     2087.    -2087.      812.    -3166.     4069.
ATM5	DATE12	      702.      221.     -221.     3885.      -28.     1700.
ATM5	DATE13	     -671.     -790.      790.     1291.     -240.     2120.
ATM5	DATE14	     -529.      525.     -525.      718.    -1698.     2767.
ATM5	DATE15	      270.     -675.      675.      456.     -296.     1351.
ATM5	DATE16	      548.     -168.      168.     3061.      186.     1688.
ATM5	DATE17	     -962.     -421.      421.       98.      239.     1181.
ATM5	DATE18	     1071.    -1216.     1216.      637.    -1784.     3348.
ATM5	DATE19	    -2092.     -469.      469.     2255.      724.     1945.
ATM5	DATE20	     9269.    -1403.     1403.     2397.      592.     1304.
ATM5	DATE21	    -2454.    -1143.     1143.     1108.      919.     1782.
ATM5	DATE22	     2393.     2356.    -2356.      500.    -1883.     2006.
ATM5	DATE23	    -1441.     -247.      247.      982.    -1046.     2928.
ATM5	DATE24	     1398.      895.     -895.      150.     -836.     1568.
ATM5	DATE25	     8559.      619.     -619.      426.     -928.     1914.
ATM5	DATE26	     -742.    -1483.     1483.      261.     -193.     2269.
ATM5	DATE27	      278.     1231.    -1231.      113.    -1270.     1808.
ATM5	DATE28	    -1388.    -1334.     1334.     3635.      358.     1915.
ATM5	DATE29	     -920.     -173.      173.      649.      -43.     1287.
ATM5	DATE30	     1934.    -1277.     1277.      152.     -619.     2761.
ATM5	DATE31	    -1017.     -167.      167.      642.       41.     1271.
ATM5	DATE32	     -310.    -1145.     1145.     1188.     -900.     4137.
ATM5	DATE33	     1709.       59.      -59.      952.    -2724.     4232.
ATM5	DATE34	    -2026.    -1755.     1755.     1037.     -394.     3127.
ATM5	DATE35	     -252.      500.     -500.      535.       32.      536.
ATM5	DATE36	     1652.      122.     -122.      903.      805.     1479.
ATM5	DATE37	     4490.       98.      -98.      917.    -2255.     2495.
ATM5	DATE38	     4119.     2009.    -2009.       52.    -3067.     3806.
ATM5	DATE39	     2844.     2247.    -2247.      334.     -980.     1477.
ATM5	DATE40	     1015.     -877.      877.     1454.     -114.     2268.
ATM5	DATE41	     1956.     -843.      843.      804.    -1402.     3757.
ATM5	DATE42	     3462.     -475.      475.     3911.     -596.     1995.
ATM5	DATE43	     3457.     -215.      215.     1732.    -1016.     1575.
ATM5	DATE44	    -1267.    -1267.     1267.      212.     1241.     1341.
ATM5	DATE45	     1622.     -330.      330.       26.      818.     1154.
ATM5	DATE46	    -1435.    -1399.     1399.      128.     1290.      264.
ATM5	DATE47	     3265.    -2642.     2642.      534.     1783.     1115.
ATM5	DATE48	     3315.     -839.      839.     1924.     1881.       78.
ATM5	DATE49	    -1942.     -525.      525.     1860.     1342.     1166.
ATM6	DATE0	      820.    -1705.     1705.      441.      262.     2476.
ATM6	DATE1	     2468.     2443.    -2443.     1835.    -1099.     2110.
ATM6	DATE2	      790.    -1213.     1213.      342.      712.      976.
ATM6	DATE3	     -796.    -2269.     2269.     1381.     2482.     1081.
ATM6	DATE4	     2762.    -2003.     2003.     1740.     -314.     3568.
ATM6	DATE5	    -2117.     -298.      298.      177.    -1989.     4256.
ATM6	DATE6	    -2251.     -811.      811.     2250.      601.     1780.
ATM6	DATE7	    -1385.    -2409.     2409.     1430.     2141.      846.
ATM6	DATE8	     -246.      -84.       84.      892.       -7.     1536.
ATM6	DATE9	     2209.    -1879.     1879.       39.    -2238.     4286.
ATM6	DATE10	     -497.      733.     -733.      219.       75.     1179.
ATM6	DATE11	    -1006.     -802.      802.      352.     -534.     1597.
ATM6	DATE12	     -113.    -2054.     2054.     2239.     2068.     1400.
ATM6	DATE13	    -1154.      173.     -173.      436.    -1560.     2926.
ATM6	DATE14	      974.      767.     -767.     1062.      309.      820.
ATM6	DATE15	     -804.     1861.    -1861.      435.    -1906.     2734.
ATM6	DATE16	      484.    -1272.     1272.     1623.     1026.     1006.
ATM6	DATE17	    -1359.     -437.      437.       90.     2098.       82.
ATM6	DATE18	      399.      394.     -394.      912.    -2295.     3432.
ATM6	DATE19	     2315.     1683.    -1683.       90.      199.      101.
ATM6	DATE20	     1160.     -166.      166.      817.      213.      417.
ATM6	DATE21	     -288.      957.     -957.     2984.    -1606.     2390.
ATM6	DATE22	     2174.    -2816.     2816.      665.     2251.     1567.
ATM6	DATE23	     8182.      718.     -718.      629.      279.      224.
ATM6	DATE24	      696.    -1330.     1330.     1598.     1107.     1266.
ATM6	DATE25	    -1167.       76.      -76.      624.     -459.     2681.
ATM6	DATE26	      980.    -1968.     1968.       66.     2025.      877.
ATM6	DATE27	     -289.    -2065.     2065.      959.     2823.      694.
ATM6	DATE28	     5865.     2060.    -2060.      149.      911.      235.
ATM6	DATE29	    -1063.     -908.      908.     1385.     1063.      575.
ATM6	DATE30	     3730.     1811.    -1811.      374.     -826.     2921.
ATM6	DATE31	     2198.     -248.      248.      238.    -1684.     2134.
ATM6	DATE32	    -1958.     -617.      617.      538.     1362.     1663.
ATM6	DATE33	     -557.     1913.    -1913.     2094.     -573.     1583.
ATM6	DATE34	     2175.    -1441.     1441.      163.     2349.     1406.
ATM6	DATE35	    -1006.     -772.      772.       17.      702.     1262.
ATM6	DATE36	     1433.     3105.    -3105.     1519.    -1675.     2414.
ATM6	DATE37	     -710.     -388.      388.     1038.     1377.       95.
ATM6	DATE38	      679.     -924.      924.      246.      680.     1824.
ATM6	DATE39	    -2572.    -2326.     2326.      571.     2510.      171.
ATM6	DATE40	      767.     1483.    -1483.     2078.    -1810.     1942.
ATM6	DATE41	     1249.     -925.      925.      623.     1788.     1247.
ATM6	DATE42	     -363.     1878.    -1878.     2119.    -3042.     3433.
ATM6	DATE43	     4563.     -284.      284.      770.      283.     1364.
ATM6	DATE44	      -76.     -111.      111.     1427.     -525.     2275.
ATM6	DATE45	    -1183.      450.     -450.      674.    -2352.     3688.
ATM6	DATE46	      402.     -505.      505.     1017.    -1635.     2639.
ATM6	DATE47	     2531.      177.     -177.      151.     -138.     1124.
ATM6	DATE48	      174.    -1353.     1353.     2132.      742.     1616.
ATM6	DATE49	     -233.      482.     -482.     3077.      132.     1710.
ATM7	DATE0	     -135.      362.     -362.      902.     -569.     2118.
ATM7	DATE1	    -1933.        7.       -7.      793.      511.     2028.
ATM7	DATE2	    -1035.     -704.      704.      808.     1403.      817.
ATM7	DATE3	     3004.    -1195.     1195.      525.       40.     1948.
ATM7	DATE4	     5830.     1416.    -1416.      233.    -1220.     1776.
ATM7	DATE5	      375.     3718.    -3718.     1711.    -5566.     6204.
ATM7	DATE6	    -2539.    -2528.     2528.     4207.     1461.     1918.
ATM7	DATE7	      507.    -1309.     1309.      171.      619.     2186.
ATM7	DATE8	     -785.     -598.      598.      206.      116.     1215.
ATM7	DATE9	     2485.      410.     -410.       75.     -469.     1378.
ATM7	DATE10	     1566.     1203.    -1203.       53.    -1767.     3354.
ATM7	DATE11	      376.     1421.    -1421.     1224.     -888.     2637.
ATM7	DATE12	     3451.      560.     -560.      667.     -385.     1293.
ATM7	DATE13	     3219.    -1093.     1093.      247.     1298.      478.
ATM7	DATE14	     -437.     1208.    -1208.     1586.     -600.     1923.
ATM7	DATE15	     2013.     -825.      825.       77.    -2115.     3041.
ATM7	DATE16	     5804.     -557.      557.     3666.      -19.      987.
ATM7	DATE17	     -173.      -50.       50.      643.    -2589.     2840.
ATM7	DATE18	     -731.       27.      -27.      499.     -454.     2323.
ATM7	DATE19	     1178.      900.     -900.      284.      248.     1095.
ATM7	DATE20	      306.      683.     -683.      152.    -2588.     3465.
ATM7	DATE21	    -1916.     1734.    -1734.      911.       69.     2395.
ATM7	DATE22	     2246.      364.     -364.      515.      408.     1318.
ATM7	DATE23	     -874.    -1956.     1956.      611.     2179.     1899.
ATM7	DATE24	     3740.      896.     -896.      652.     -803.     1950.
ATM7	DATE25	     -813.    -1012.     1012.     1008.     -698.     2298.
ATM7	DATE26	     -646.     -616.      616.      364.      134.     1409.
ATM7	DATE27	     2146.      477.     -477.      555.     -666.     2321.
ATM7	DATE28	     1279.    -2226.     2226.      583.     -354.     3144.
ATM7	DATE29	     1914.      575.     -575.     3622.    -2203.     2650.
ATM7	DATE30	     -484.      850.     -850.     1821.      518.     1717.
ATM7	DATE31	      909.    -1622.     1622.      361.      647.     1558.
ATM7	DATE32	     4230.    -2012.     2012.      141.     1714.      531.
ATM7	DATE33	     -762.     1639.    -1639.      692.    -2435.     4071.
ATM7	DATE34	     7941.    -1173.     1173.     2658.      890.      808.
ATM7	DATE35	     3193.      929.     -929.      230.     -208.      618.
ATM7	DATE36	      214.      803.     -803.      292.    -2783.     3384.
ATM7	DATE37	     -461.      477.     -477.      804.     -868.     1825.
ATM7	DATE38	      -30.    -1156.     1156.      542.     2004.     1269.
ATM7	DATE39	      348.     1164.    -1164.     1634.     -897.     2616.
ATM7	DATE40	      781.     1483.    -1483.     2232.      501.     1391.
ATM7	DATE41	    -2007.    -1410.     1410.      931.     1522.      533.
ATM7	DATE42	     1969.     2926.    -2926.      186.     -647.      840.
ATM7	DATE43	    10463.     2613.    -2613.      972.    -2156.     2294.
ATM7	DATE44	    -2463.    -2827.     2827.      585.       64.     2825.
ATM7	DATE45	    -1578.      493.     -493.      367.     1242.     1311.
ATM7	DATE46	     5205.       75.      -75.     1026.     -508.     1744.
ATM7	DATE47	     1843.     2361.    -2361.     1782.    -3852.     4312.
ATM7	DATE48	     1662.    -2153.     2153.     1122.      422.     2726.
ATM7	DATE49	     3620.     2964.    -2964.     1175.    -1625.     1867.
ATM8	DATE0	     -264.     1205.    -1205.      106.    -1080.     2419.
ATM8	DATE1	     -606.      142.     -142.      618.      164.     2754.
ATM8	DATE2	     3807.      191.     -191.     1482.    -2976.     3157.
ATM8	DATE3	      -76.     1662.    -1662.      408.      575.      394.
ATM8	DATE4	       -3.     1188.    -1188.     1414.    -2721.     3302.
ATM8	DATE5	      660.     -595.      595.      453.    -2141.     3616.
ATM8	DATE6	     4053.     -952.      952.      385.     3040.      121.
ATM8	DATE7	     -155.      -48.       48.     1218.      721.     1537.
ATM8	DATE8	      800.      188.     -188.     1239.    -2041.     2826.
ATM8	DATE9	     2166.     -286.      286.      777.     -256.     1709.
ATM8	DATE10	    -1889.       30.      -30.      302.     2084.     1335.
ATM8	DATE11	    -1030.     -467.      467.     2582.     -877.     2704.
ATM8	DATE12	    -1619.    -1574.     1574.      227.     1860.     1301.
ATM8	DATE13	     3481.      946.     -946.      158.      414.     1760.
ATM8	DATE14	     -946.     1802.    -1802.       76.    -1828.     2986.
ATM8	DATE15	     6104.     -538.      538.     1439.      120.      896.
ATM8	DATE16	     2036.     2197.    -2197.      107.      725.      954.
ATM8	DATE17	      786.     1536.    -1536.     1132.     1281.      446.
ATM8	DATE18	      675.     -912.      912.      635.      726.      893.
ATM8	DATE19	     3052.      -63.       63.     1534.     -146.     1578.
ATM8	DATE20	      813.      903.     -903.       62.    -1386.     2026.
ATM8	DATE21	      373.     2133.    -2133.      415.     -625.      841.
ATM8	DATE22	     2232.      570.     -570.      682.    -4364.     4497.
ATM8	DATE23	      552.      -43.       43.      824.      124.       94.
ATM8	DATE24	     2128.     1510.    -1510.     1753.    -2325.     2529.
ATM8	DATE25	     2600.    -1606.     1606.      487.    -1733.     4239.
ATM8	DATE26	     1860.      -81.       81.     1141.     -292.     1356.
ATM8	DATE27	    -2362.    -1428.     1428.      514.     1927.     1775.
ATM8	DATE28	     3259.      559.     -559.      662.    -1711.     2320.
ATM8	DATE29	     2338.     -127.      127.     4906.     -713.      971.
ATM8	DATE30	      169.      660.     -660.      906.    -2825.     4068.
ATM8	DATE31	     4774.     -725.      725.      773.     1032.     1138.
ATM8	DATE32	      539.     -364.      364.       18.     1267.      252.
ATM8	DATE33	      375.     -995.      995.     1795.    -2767.     4467.
ATM8	DATE34	      182.      165.     -165.       27.       26.      643.
ATM8	DATE35	    -1856.      214.     -214.      201.    -1322.     3193.
ATM8	DATE36	     5974.    -1040.     1040.     1831.      294.     2863.
ATM8	DATE37	    -1652.    -2071.     2071.     3749.     -165.     2923.
ATM8	DATE38	     1056.     2984.    -2984.      886.    -1049.     1907.
ATM8	DATE39	     -970.    -3447.     3447.      248.     3837.       59.
ATM8	DATE40	     -282.      764.     -764.      273.      665.      994.
ATM8	DATE41	     1788.     2869.    -2869.      222.      350.     1034.
ATM8	DATE42	     3809.     1104.    -1104.     1530.    -1706.     2299.
ATM8	DATE43	     3680.     -954.      954.     1903.      139.     1507.
ATM8	DATE44	     4211.      671.     -671.      333.      -54.      538.
ATM8	DATE45	       45.     -194.      194.      526.      624.     1199.
ATM8	DATE46	     2845.     -570.      570.     1580.      864.     1191.
ATM8	DATE47	      477.      378.     -378.      510.    -3322.     4613.
ATM8	DATE48	     2724.    -2535.     2535.      716.     1509.     1303.
ATM8	DATE49	    -1768.     -808.      808.      169.      590.     2105.
ATM9	DATE0	     3372.     -236.      236.     1358.      461.     1289.
ATM9	DATE1	     1138.      460.     -460.     1160.    -2337.     3779.
ATM9	DATE2	     3072.     1475.    -1475.      687.      107.      271.
ATM9	DATE3	      313.     -401.      401.     5892.     -662.     1642.
ATM9	DATE4	    -1095.       67.      -67.     1988.       94.     1263.
ATM9	DATE5	     1948.    -1073.     1073.     2492.      832.      910.
ATM9	DATE6	     1330.     1378.    -1378.     1199.     -876.     1856.
ATM9	DATE7	     6687.      341.     -341.      291.      144.      549.
ATM9	DATE8	     -522.      130.     -130.     1672.      957.     1283.
ATM9	DATE9	     3327.     1436.    -1436.     1760.     -361.     1125.
ATM9	DATE10	    -3203.    -1379.     1379.     2180.     2041.     1506.
ATM9	DATE11	     -144.     1928.    -1928.     4606.     -417.      879.
ATM9	DATE12	     6064.      725.     -725.     1785.    -1848.     2456.
ATM9	DATE13	     1413.    -1438.     1438.     2407.      -14.     1566.
ATM9	DATE14	      476.       45.      -45.      325.     1667.      243.
ATM9	DATE15	     7733.     -735.      735.      450.    -1241.     3048.
ATM9	DATE16	     2402.      592.     -592.      882.     -634.     1767.
ATM9	DATE17	    -2902.    -3437.     3437.     2496.     1852.     2226.
ATM9	DATE18	     -718.    -2237.     2237.     1751.      510.     2272.
ATM9	DATE19	     4805.      618.     -618.      597.    -2232.     2451.
ATM9	DATE20	     5208.     1945.    -1945.      479.    -2083.     3029.
ATM9	DATE21	    -2234.     -652.      652.      246.     3140.      245.
ATM9	DATE22	      247.      313.     -313.      169.     -179.     1202.
ATM9	DATE23	     2040.     2036.    -2036.     1819.     -579.     1596.
ATM9	DATE24	     1408.      466.     -466.     1065.       -1.     1229.
ATM9	DATE25	     2583.     -391.      391.      896.     1606.       66.
ATM9	DATE26	     2585.    -1950.     1950.      827.      688.     1567.
ATM9	DATE27	     1640.      123.     -123.       98.      180.     1449.
ATM9	DATE28	    -1743.     -171.      171.      127.     1488.     1416.
ATM9	DATE29	     -532.     -940.      940.      996.        3.     2734.
ATM9	DATE30	     2351.     2449.    -2449.       83.    -1018.     2732.
ATM9	DATE31	     5392.     1148.    -1148.       17.     -451.      638.
ATM9	DATE32	    10231.      223.     -223.      633.    -1096.     2918.
ATM9	DATE33	     4942.      -98.       98.     1013.    -1031.     1584.
ATM9	DATE34	      632.      594.     -594.     1308.    -1927.     2583.
ATM9	DATE35	     -606.     1221.    -1221.      367.      315.      530.
ATM9	DATE36	     1032.      309.     -309.     2621.     1933.       30.
ATM9	DATE37	     2500.      799.     -799.      429.     -537.     2217.
ATM9	DATE38	    -1003.    -2101.     2101.     2519.     2703.      559.
ATM9	DATE39	      366.    -3151.     3151.     4167.     -794.     4164.
ATM9	DATE40	     -282.      959.     -959.     1161.    -2462.     3348.
ATM9	DATE41	     6771.     1209.    -1209.      248.     -824.      873.
ATM9	DATE42	     -297.     -470.      470.     1655.     -695.     1948.
ATM9	DATE43	      788.     -809.      809.     1486.     2415.      620.
ATM9	DATE44	    -2217.    -1386.     1386.     3309.      340.     1906.
ATM9	DATE45	     3917.     -797.      797.     1386.    -1013.     2793.
ATM9	DATE46	    -1552.    -1239.     1239.      887.     1361.     1341.
ATM9	DATE47	      -76.     1276.    -1276.     3335.      401.      127.
ATM9	DATE48	     -495.     -352.      352.      754.     1274.      623.
ATM9	DATE49	     1815.     2756.    -2756.       21.      -29.     1639.
