a	d	CA	CB	CC	CD	CD	CE	CW
ATM0	DATE0	     4251.     -172.      172.     1103.    -2402.     3699.
ATM0	DATE1	    -1528.    -1689.     1689.     2139.     1400.     1052.
ATM0	DATE2	     5388.    -1366.     1366.       55.     1118.      423.
ATM0	DATE3	     3787.     1443.    -1443.     1033.    -2395.     2955.
ATM0	DATE4	     1056.      183.     -183.      122.       38.     1270.
ATM0	DATE5	     2132.    -1316.     1316.      765.      -39.     1604.
ATM0	DATE6	    -2655.    -1031.     1031.     1634.      777.     2237.
ATM0	DATE7	     1217.      822.     -822.     1711.       30.       40.
ATM0	DATE8	     2908.     -404.      404.     2946.    -1149.     2015.
ATM0	DATE9	    -2103.    -1736.     1736.       75.      613.     1678.
ATM0	DATE10	     -292.     -728.      728.     2268.     1149.     1255.
ATM0	DATE11	     1799.     -909.      909.      145.     1169.     1707.
ATM0	DATE12	       -6.      -74.       74.      275.     -780.     1106.
ATM0	DATE13	      199.     -532.      532.     1130.      624.     1718.
ATM0	DATE14	     2747.     -849.      849.      524.     1666.      408.
ATM0	DATE15	      464.     -607.      607.      388.      823.      593.
ATM0	DATE16	     -138.     -949.      949.     3352.    -1563.     3048.
ATM0	DATE17	      -35.     2213.    -2213.      437.      830.       72.
ATM0	DATE18	     2804.     -338.      338.      424.      489.     1869.
ATM0	DATE19	      297.     -986.      986.      206.    -2672.     3734.
ATM0	DATE20	      233.     1460.    -1460.      202.      -47.      334.
ATM0	DATE21	      248.     1073.    -1073.       51.    -1867.     2107.
ATM0	DATE22	    -2106.     1078.    -1078.     1037.     1353.     1189.
ATM0	DATE23	    -2289.    -1772.     1772.      450.     3034.      478.
ATM0	DATE24	     2757.      731.     -731.      663.     -679.     2613.
ATM0	DATE25	     -806.    -1165.     1165.      287.     -408.     2195.
ATM0	DATE26	    -1108.     -334.      334.      806.    -1237.     2961.
ATM0	DATE27	    -3048.    -1754.     1754.      423.     2441.      807.
ATM0	DATE28	    -1942.    -2991.     2991.      658.      439.     2676.
ATM0	DATE29	     4570.     1434.    -1434.     1401.      254.      829.
ATM0	DATE30	     1676.      843.     -843.     1089.    -1060.     1161.
ATM0	DATE31	     -641.      393.     -393.      977.    -3771.     4654.
ATM0	DATE32	     -426.     -159.      159.      888.    -1289.     2092.
ATM0	DATE33	    -1232.    -2375.     2375.     1570.     1491.     1947.
ATM0	DATE34	     2295.     -623.      623.     1517.     -264.     2422.
ATM0	DATE35	    -1365.       25.      -25.     1480.    -1926.     3727.
ATM0	DATE36	     3266.     -728.      728.      524.     1487.      263.
ATM0	DATE37	    -3202.     -709.      709.     1212.      406.     3352.
ATM0	DATE38	     3697.     1674.    -1674.      759.       93.      280.
ATM0	DATE39	     4048.     1271.    -1271.      638.    -1636.     3341.
ATM0	DATE40	      891.     1684.    -1684.      167.    -3380.     4484.
ATM0	DATE41	    -2719.    -2369.     2369.      960.     3066.      646.
ATM0	DATE42	     1841.     1299.    -1299.      866.    -1371.     1926.
ATM0	DATE43	     1902.     1235.    -1235.     3271.    -2264.     3240.
ATM0	DATE44	    -1093.     -753.      753.      439.     -106.     1949.
ATM0	DATE45	     3552.     -244.      244.     2646.    -1312.     1665.
ATM0	DATE46	     -988.    -1035.     1035.      515.     1813.     1180.
ATM0	DATE47	      650.      868.     -868.     1045.     -198.     1845.
ATM0	DATE48	     2314.      306.     -306.     1500.      204.      382.
ATM0	DATE49	     1928.      527.     -527.     2038.    -3371.     4762.
ATM0	DATE50	       61.     1546.    -1546.       28.      917.     1835.
ATM0	DATE51	     -229.     -322.      322.     1195.    -1424.     2403.
ATM0	DATE52	     -219.      213.     -213.      927.    -2590.     3612.
ATM0	DATE53	     3553.      101.     -101.      660.     -587.      885.
ATM0	DATE54	     4171.     1056.    -1056.      387.     -621.     1395.
ATM0	DATE55	     5982.     2425.    -2425.      839.     -830.      837.
ATM0	DATE56	     2986.     1694.    -1694.     2819.    -1571.     2962.
ATM0	DATE57	     1485.     -285.      285.     2649.     1595.      259.
ATM0	DATE58	    -1266.     -406.      406.     1868.     2553.      249.
ATM0	DATE59	     5044.    -2191.     2191.      556.     1894.     2202.
ATM0	DATE60	      392.     1328.    -1328.      451.     1069.      438.
ATM0	DATE61	    -1953.      269.     -269.      520.     -358.     2506.
ATM0	DATE62	     4720.     -391.      391.      219.      651.      743.
ATM0	DATE63	      293.     -427.      427.     1064.     -252.     2161.
ATM0	DATE64	    -1440.     -526.      526.     2151.     1850.      692.
ATM0	DATE65	     -242.     2244.    -2244.       91.     -605.     1183.
ATM0	DATE66	    -1220.     -766.      766.      217.     -604.     2796.
ATM0	DATE67	    -1805.     -232.      232.      264.    -1840.     4157.
ATM0	DATE68	    -1203.     -861.      861.     1282.     1469.       69.
ATM0	DATE69	     -240.     -826.      826.      480.    -4368.     5271.
ATM0	DATE70	     2811.     1185.    -1185.      405.    -2443.     2538.
ATM0	DATE71	     -163.     1933.    -1933.      127.    -1698.     2344.
ATM0	DATE72	    -2291.    -2094.     2094.     2427.     2109.      836.
ATM0	DATE73	     1205.     -120.      120.      692.    -2729.     2935.
ATM0	DATE74	    -2859.    -2895.     2895.      593.     2886.      874.
ATM0	DATE75	     -805.    -2941.     2941.      202.     2097.     1364.
ATM0	DATE76	     2951.     -997.      997.     1593.    -3032.     4233.
ATM0	DATE77	     4850.    -1654.     1654.      985.    -1985.     3939.
ATM0	DATE78	     3537.     -348.      348.     1527.      -65.     1579.
ATM0	DATE79	     1690.     1914.    -1914.      351.    -2801.     3288.
ATM0	DATE80	     -732.     1889.    -1889.      265.    -3858.     5050.
ATM0	DATE81	    -1822.    -2204.     2204.     2340.    -1469.     4178.
ATM0	DATE82	     3466.      273.     -273.      264.     -122.      870.
ATM0	DATE83	      461.      567.     -567.      866.      448.     1737.
ATM0	DATE84	       57.    -1165.     1165.      157.     1091.     1462.
ATM0	DATE85	    -2962.    -1819.     1819.     1012.     2926.      569.
ATM0	DATE86	     2523.     1742.    -1742.       70.      572.      756.
ATM0	DATE87	     1337.     -824.      824.      672.     1227.      670.
ATM0	DATE88	     2636.    -1255.     1255.     1097.     2274.      571.
ATM0	DATE89	     1803.    -1273.     1273.     1576.     -109.     1930.
ATM0	DATE90	     1595.      521.     -521.      108.     2180.      176.
ATM0	DATE91	      748.      124.     -124.      117.    -2793.     3459.
ATM0	DATE92	      984.    -2050.     2050.     2656.      127.     2653.
ATM0	DATE93	       15.     -659.      659.     1277.     -840.     2061.
ATM0	DATE94	      496.      386.     -386.     1045.      -14.     2176.
ATM0	DATE95	     -525.      400.     -400.      106.      223.     2616.
ATM0	DATE96	     8527.     -652.      652.      508.    -1220.     2250.
ATM0	DATE97	      -98.    -1538.     1538.      633.    -2766.     4456.
ATM0	DATE98	     1997.    -1122.     1122.      265.     -949.     3141.
ATM0	DATE99	     -805.    -1720.     1720.     2841.      781.     1490.
ATM1	DATE0	     2014.     2293.    -2293.     1156.    -2145.     2275.
ATM1	DATE1	     4097.     1484.    -1484.     1681.        2.      856.
ATM1	DATE2	      433.     -843.      843.       89.     -908.     2425.
ATM1	DATE3	      337.      423.     -423.       94.     -731.     1442.
ATM1	DATE4	     4498.      864.     -864.      447.    -1393.     2280.
ATM1	DATE5	       -6.     1749.    -1749.      627.     1278.       83.
ATM1	DATE6	     4192.     3158.    -3158.     2189.      689.      203.
ATM1	DATE7	    -1164.      -92.       92.        5.      687.      852.
ATM1	DATE8	     1076.     3195.    -3195.     3429.     -653.     1124.
ATM1	DATE9	     3933.      329.     -329.      275.     -230.     1467.
ATM1	DATE10	     1085.    -1758.     1758.      980.     1492.      521.
ATM1	DATE11	     5416.     1227.    -1227.     1459.    -1468.     2899.
ATM1	DATE12	    -1466.    -1577.     1577.      894.      791.     1985.
ATM1	DATE13	     3280.      571.     -571.      949.    -2262.     2510.
ATM1	DATE14	      281.     2242.    -2242.     1142.    -2546.     3241.
ATM1	DATE15	     7387.    -1114.     1114.      874.     -763.     2283.
ATM1	DATE16	     1812.     1760.    -1760.       95.     1353.       33.
ATM1	DATE17	    -1673.    -2571.     2571.      575.    -1165.     3798.
ATM1	DATE18	     -505.     -743.      743.      171.    -2296.     4201.
ATM1	DATE19	     6253.     1301.    -1301.     1103.    -1633.     1960.
ATM1	DATE20	     3626.      179.     -179.     1666.     -925.     1661.
ATM1	DATE21	     3769.     2483.    -2483.      914.    -3052.     3803.
ATM1	DATE22	     4461.      607.     -607.      210.      700.      999.
ATM1	DATE23	     -542.     -454.      454.     1739.      428.     1551.
ATM1	DATE24	     4685.    -1555.     1555.      361.     -231.     1998.
ATM1	DATE25	     3045.     2325.    -2325.     3232.     -165.     1173.
ATM1	DATE26	    -1377.     1360.    -1360.        9.    -2940.     5485.
ATM1	DATE27	     -121.    -2899.     2899.      783.      535.     2685.
ATM1	DATE28	     4405.     1140.    -1140.      346.     -300.     1208.
ATM1	DATE29	    -2713.    -1073.     1073.     3488.     -680.     3744.
ATM1	DATE30	      307.     1558.    -1558.     1090.     1947.      250.
ATM1	DATE31	       16.    -1763.     1763.     1264.     1360.     1299.
ATM1	DATE32	     1221.     -255.      255.     3376.       -9.     1017.
ATM1	DATE33	     -167.     -738.      738.     1992.    -1509.     3284.
ATM1	DATE34	    -1207.     1938.    -1938.      448.    -2300.     3728.
ATM1	DATE35	     2652.     -489.      489.      693.    -1744.     3216.
ATM1	DATE36	     1528.    -1650.     1650.     1049.     -184.     2750.
ATM1	DATE37	     6604.      432.     -432.     2174.    -1274.     2980.
ATM1	DATE38	     3312.     -852.      852.      794.    -3026.     3924.
ATM1	DATE39	     5103.     -961.      961.      769.      878.     1332.
ATM1	DATE40	     4676.    -1063.     1063.      167.     -197.     3176.
ATM1	DATE41	     4598.     2649.    -2649.      277.       55.      994.
ATM1	DATE42	     1245.    -1116.     1116.      737.    -1946.     3228.
ATM1	DATE43	     -357.      875.     -875.      574.    -1503.     2019.
ATM1	DATE44	    -1935.     -525.      525.      506.      859.     1541.
ATM1	DATE45	     2706.     3308.    -3308.      918.    -1510.     1586.
ATM1	DATE46	    -2269.     -269.      269.      138.     1198.     1583.
ATM1	DATE47	     3125.     1420.    -1420.      768.     -361.     1568.
ATM1	DATE48	     -716.     1334.    -1334.      707.      368.     1619.
ATM1	DATE49	      674.     -305.      305.      634.    -2791.     3243.
ATM1	DATE50	      322.     -691.      691.      653.    -2178.     3979.
ATM1	DATE51	      915.      677.     -677.       25.    -2834.     3500.
ATM1	DATE52	     3222.      346.     -346.     1087.     1508.      217.
ATM1	DATE53	     -560.      179.     -179.      736.     -341.     1167.
ATM1	DATE54	     -671.      623.     -623.      803.    -1173.     2070.
ATM1	DATE55	    -3717.    -3073.     3073.     1151.     1286.     2539.
ATM1	DATE56	     2677.     3617.    -3617.     3300.    -1047.     1990.
ATM1	DATE57	     2106.      914.     -914.      111.    -2433.     3333.
ATM1	DATE58	     8397.     -976.      976.      854.     -595.     2407.
ATM1	DATE59	     1561.      678.     -678.      707.    -1937.     2040.
ATM1	DATE60	     1346.      564.     -564.      892.      723.     1354.
ATM1	DATE61	     -526.    -1218.     1218.     2993.       65.     1586.
ATM1	DATE62	    -1420.     -159.      159.     2274.     1253.     1048.
ATM1	DATE63	     2217.     4186.    -4186.      214.       -6.       26.
ATM1	DATE64	    -3038.    -1733.     1733.      604.      631.     2886.
ATM1	DATE65	     -354.      981.     -981.      571.     1067.     1430.
ATM1	DATE66	     4058.    -1582.     1582.      411.     1039.      902.
ATM1	DATE67	     3298.    -2496.     2496.     1421.     3383.      725.
ATM1	DATE68	    -2773.    -2904.     2904.      132.     2440.     1209.
ATM1	DATE69	     5633.     -850.      850.       74.     2385.      584.
ATM1	DATE70	      633.     -115.      115.      789.     -882.     1163.
ATM1	DATE71	     5139.     3614.    -3614.       29.    -1632.     2341.
ATM1	DATE72	      718.    -1158.     1158.      178.      893.      684.
ATM1	DATE73	      437.    -2053.     2053.      584.      384.     3320.
ATM1	DATE74	     4903.    -1443.     1443.      367.     -585.     2875.
ATM1	DATE75	    -2432.     -328.      328.      378.      542.     3019.
ATM1	DATE76	      678.       99.      -99.      526.     -345.     1409.
ATM1	DATE77	     -556.     -994.      994.      135.      910.      401.
ATM1	DATE78	     3171.     1553.    -1553.      249.     -422.     1100.
ATM1	DATE79	     2042.     2056.    -2056.     1037.    -3726.     4227.
ATM1	DATE80	     2698.    -1995.     1995.      410.     2330.      351.
ATM1	DATE81	    -2057.    -2256.     2256.     3188.    -1000.     3531.
ATM1	DATE82	      317.      735.     -735.     1062.    -1521.     2659.
ATM1	DATE83	     -157.     1825.    -1825.      821.     -635.     2303.
ATM1	DATE84	     -651.     -407.      407.     3020.     1880.      737.
ATM1	DATE85	       17.      370.     -370.      124.    -1794.     2353.
ATM1	DATE86	    -2017.      439.     -439.     3351.      728.     1869.
ATM1	DATE87	     1712.     -539.      539.     1531.    -1766.     2984.
ATM1	DATE88	      895.     1737.    -1737.     2047.    -4816.     5069.
ATM1	DATE89	     -644.    -1051.     1051.      995.      984.     1749.
ATM1	DATE90	    10323.     1751.    -1751.      959.      707.      227.
ATM1	DATE91	     -394.     2517.    -2517.      186.     -306.      780.
ATM1	DATE92	     4944.     -481.      481.      460.     1071.       91.
ATM1	DATE93	       46.     1940.    -1940.      275.      472.     1842.
ATM1	DATE94	     2040.     -853.      853.     1092.    -1008.     2373.
ATM1	DATE95	     -323.     -908.      908.      259.       89.     1814.
ATM1	DATE96	     3381.      116.     -116.      635.      -85.      901.
ATM1	DATE97	     2465.     1422.    -1422.     2611.       18.     1048.
ATM1	DATE98	     1099.     1331.    -1331.      734.    -2826.     3005.
ATM1	DATE99	     6657.     -356.      356.      253.     -483.     1091.
ATM2	DATE0	     4692.     -447.      447.      471.       71.      992.
ATM2	DATE1	      411.     -250.      250.      684.     -108.     1442.
ATM2	DATE2	     3100.    -1632.     1632.      644.     1252.     1203.
ATM2	DATE3	     1767.    -1296.     1296.      592.     1754.     1257.
ATM2	DATE4	     8112.     -324.      324.      926.     -102.      965.
ATM2	DATE5	      426.     2267.    -2267.      691.       -9.      922.
ATM2	DATE6	     -385.      658.     -658.      232.    -3008.     3546.
ATM2	DATE7	     5415.     2785.    -2785.      460.     -454.     1430.
ATM2	DATE8	     3150.     -571.      571.      905.     -234.     2425.
ATM2	DATE9	    -1484.     -624.      624.     1361.     -213.     2863.
ATM2	DATE10	     1424.     -515.      515.     1895.    -1076.     2114.
ATM2	DATE11	    -2400.    -1048.     1048.      391.    -1503.     4014.
ATM2	DATE12	      645.    -1468.     1468.     3477.     1399.      798.
ATM2	DATE13	    -1535.     -234.      234.      349.     1696.     1020.
ATM2	DATE14	     -408.      178.     -178.     1145.    -1379.     2426.
ATM2	DATE15	     1500.    -2239.     2239.      737.     1575.     2076.
ATM2	DATE16	      762.      503.     -503.     1404.    -1624.     1704.
ATM2	DATE17	     1166.     -198.      198.     2201.      459.     1680.
ATM2	DATE18	     -766.     2522.    -2522.     1401.     -196.     1551.
ATM2	DATE19	     1294.     -330.      330.      862.     -191.     2129.
ATM2	DATE20	     1033.      987.     -987.      611.    -1380.     1644.
ATM2	DATE21	     4060.      344.     -344.     1102.    -1960.     3364.
ATM2	DATE22	     1263.     1056.    -1056.     2128.     -592.      725.
ATM2	DATE23	    -2209.    -1696.     1696.      104.     3214.      650.
ATM2	DATE24	      -73.      -24.       24.     1412.      582.      612.
ATM2	DATE25	     4117.     -144.      144.       10.      280.     1067.
ATM2	DATE26	     2451.      137.     -137.      607.    -1874.     3038.
ATM2	DATE27	     1350.     1012.    -1012.     1110.    -3833.     3892.
ATM2	DATE28	     1516.     2256.    -2256.      384.    -1237.     1898.
ATM2	DATE29	    -1180.     -956.      956.      116.     1445.      274.
ATM2	DATE30	     3633.    -1698.     1698.     2363.     1559.      898.
ATM2	DATE31	    -2184.      552.     -552.      344.      691.     1785.
ATM2	DATE32	     2239.       87.      -87.      614.    -2182.     3156.
ATM2	DATE33	    -2734.      237.     -237.     2491.     2055.     1541.
ATM2	DATE34	     4235.    -1147.     1147.      264.     2590.     1417.
ATM2	DATE35	     2331.      -47.       47.     1945.    -1152.     2564.
ATM2	DATE36	     1038.     -672.      672.      107.    -2579.     3962.
ATM2	DATE37	    -1522.      268.     -268.      526.     1282.      470.
ATM2	DATE38	    -2089.     -842.      842.      384.      985.     1559.
ATM2	DATE39	     6374.      720.     -720.     2484.     1820.       82.
ATM2	DATE40	      873.      741.     -741.     1100.    -1490.     2020.
ATM2	DATE41	     8719.     1832.    -1832.     1146.    -2346.     2482.
ATM2	DATE42	     2835.       79.      -79.      548.    -1889.     3152.
ATM2	DATE43	    12510.     2678.    -2678.      759.    -2406.     2558.
ATM2	DATE44	     5978.      274.     -274.      404.    -1390.     2782.
ATM2	DATE45	     -520.     -834.      834.      588.     -974.     2327.
ATM2	DATE46	     1421.      428.     -428.      776.     -889.     1415.
ATM2	DATE47	     2524.     -305.      305.      692.     -366.     1237.
ATM2	DATE48	    -1721.     -507.      507.     2871.      968.     1506.
ATM2	DATE49	     1910.     2046.    -2046.      432.     -577.     1226.
ATM2	DATE50	    -1967.    -1590.     1590.     1930.     1359.     1219.
ATM2	DATE51	     2452.     -845.      845.     1645.     -107.     1664.
ATM2	DATE52	    -2782.    -3005.     3005.     2470.    -1363.     5315.
ATM2	DATE53	     7744.     -670.      670.      578.      715.     1128.
ATM2	DATE54	     4898.     -436.      436.      642.     1367.      570.
ATM2	DATE55	      437.     -224.      224.     1199.    -2982.     3776.
ATM2	DATE56	     6149.      316.     -316.      875.    -1178.     2434.
ATM2	DATE57	     -673.      -82.       82.      376.     -503.     2374.
ATM2	DATE58	     -603.     2348.    -2348.     3616.     -853.     2576.
ATM2	DATE59	     -319.      882.     -882.     2098.    -1749.     2254.
ATM2	DATE60	     2324.      332.     -332.     3995.    -4088.     4095.
ATM2	DATE61	     9457.     1930.    -1930.       54.      -89.      580.
ATM2	DATE62	     -569.      -65.       65.       40.     -282.     1503.
ATM2	DATE63	       96.     3201.    -3201.       37.     -353.      575.
ATM2	DATE64	     -664.      164.     -164.     1417.       28.      736.
ATM2	DATE65	     1257.     1980.    -1980.      107.     1121.      283.
ATM2	DATE66	      438.      331.     -331.      222.     -825.     1871.
ATM2	DATE67	     -472.    -2470.     2470.     2457.      304.     2897.
ATM2	DATE68	     2976.     -421.      421.      746.       47.     1421.
ATM2	DATE69	     6797.     1793.    -1793.      822.    -2121.     2341.
ATM2	DATE70	     -551.     -431.      431.     1313.    -1921.     5128.
ATM2	DATE71	    -1075.     1090.    -1090.        3.     1512.      221.
ATM2	DATE72	     4207.      475.     -475.      574.      464.      107.
ATM2	DATE73	    -1374.    -1314.     1314.     1196.     2279.       49.
ATM2	DATE74	     2427.      919.     -919.     2282.     -477.     1989.
ATM2	DATE75	     5762.    -1321.     1321.      981.     1299.      843.
ATM2	DATE76	    -1198.    -2312.     2312.      516.     2389.     1722.
ATM2	DATE77	    -3555.    -3059.     3059.     1330.     2297.     1401.
ATM2	DATE78	     5384.     1992.    -1992.      863.    -2178.     2450.
ATM2	DATE79	     -118.      749.     -749.      305.      698.     2465.
ATM2	DATE80	     4409.     1169.    -1169.      648.     -354.     1625.
ATM2	DATE81	     1651.     1015.    -1015.      655.    -1416.     2720.
ATM2	DATE82	    -1084.    -1542.     1542.     1359.    -1664.     3390.
ATM2	DATE83	     5202.      -12.       12.     1128.    -1716.     2369.
ATM2	DATE84	     2731.      133.     -133.      350.    -2041.     2508.
ATM2	DATE85	     -527.     -500.      500.      400.    -1078.     2940.
ATM2	DATE86	     1131.     1592.    -1592.       54.     -482.      869.
ATM2	DATE87	    -2910.    -1174.     1174.      394.     1065.     2168.
ATM2	DATE88	     4780.     1316.    -1316.      975.    -2177.     3402.
ATM2	DATE89	     -869.       55.      -55.      787.     2104.       59.
ATM2	DATE90	     -947.     2398.    -2398.      587.    -2479.     3569.
ATM2	DATE91	     -824.     2347.    -2347.      207.      -89.     1012.
ATM2	DATE92	     2861.     1521.    -1521.     1153.     -114.     1160.
ATM2	DATE93	     4204.      752.     -752.     1080.    -2025.     2719.
ATM2	DATE94	     -742.    -2096.     2096.      140.      879.     1247.
ATM2	DATE95	    12580.     1374.    -1374.      654.    -1275.     1776.
ATM2	DATE96	    -1953.    -1937.     1937.      973.     -419.     2523.
ATM2	DATE97	    -2277.    -2221.     2221.      421.     -355.     3090.
ATM2	DATE98	     2306.    -2713.     2713.      573.      138.     2972.
ATM2	DATE99	     -620.      -59.       59.      948.    -1409.     3366.
ATM3	DATE0	     2598.      846.     -846.       91.     -598.     2132.
ATM3	DATE1	     -365.    -1314.     1314.     2560.     1425.       27.
ATM3	DATE2	     3675.      218.     -218.      112.      234.      675.
ATM3	DATE3	     -592.     -736.      736.      786.      954.     1913.
ATM3	DATE4	    -1608.    -1447.     1447.      126.      306.     1388.
ATM3	DATE5	     5827.     3885.    -3885.     1507.    -1335.     2086.
ATM3	DATE6	     1605.     -179.      179.      685.     -606.     2240.
ATM3	DATE7	     2015.      340.     -340.      319.    -2098.     2994.
ATM3	DATE8	      153.     -725.      725.      836.      668.     1654.
ATM3	DATE9	     -331.     1450.    -1450.      163.      501.     1285.
ATM3	DATE10	    -1374.     2755.    -2755.      853.     -897.     2370.
ATM3	DATE11	      643.    -1867.     1867.      436.      915.     1424.
ATM3	DATE12	     6915.    -1281.     1281.     1236.     1142.      245.
ATM3	DATE13	     -442.     -329.      329.      689.     -945.     2868.
ATM3	DATE14	     2708.    -2628.     2628.      162.     -779.     3440.
ATM3	DATE15	     1597.     -477.      477.     1705.     -332.     2490.
ATM3	DATE16	    -1487.    -2773.     2773.     1336.      416.     2757.
ATM3	DATE17	     -180.     1626.    -1626.      143.    -1559.     1999.
ATM3	DATE18	    -1757.    -1168.     1168.     1166.     1955.      196.
ATM3	DATE19	     2031.      521.     -521.      309.      742.      294.
ATM3	DATE20	     -856.     1456.    -1456.      516.    -1761.     3381.
ATM3	DATE21	      -46.    -1288.     1288.      137.     1580.      683.
ATM3	DATE22	     1296.     1669.    -1669.     1124.    -2251.     3017.
ATM3	DATE23	    -2291.    -2278.     2278.      290.     -422.     3049.
ATM3	DATE24	      199.      -57.       57.      887.       55.     1361.
ATM3	DATE25	     3617.    -1103.     1103.      531.     1564.     1124.
ATM3	DATE26	     -139.     2504.    -2504.     1013.    -1691.     2861.
ATM3	DATE27	    -1956.      -34.       34.     1357.    -2036.     4232.
ATM3	DATE28	     7678.     1688.    -1688.     1432.    -1329.     1698.
ATM3	DATE29	     -194.     1712.    -1712.       27.    -2594.     2876.
ATM3	DATE30	      555.     1325.    -1325.     1934.     -261.     1608.
ATM3	DATE31	     6544.     -471.      471.     1402.     -952.     3012.
ATM3	DATE32	     -817.     -457.      457.      264.     1537.      315.
ATM3	DATE33	    -2573.    -1879.     1879.     3004.     1943.     1586.
ATM3	DATE34	     1028.      446.     -446.      898.    -3495.     4630.
ATM3	DATE35	     2011.     -341.      341.      196.     2003.      342.
ATM3	DATE36	    -1503.     -361.      361.      408.     1135.      802.
ATM3	DATE37	     8079.     1869.    -1869.      838.     -310.      915.
ATM3	DATE38	    -2462.    -3044.     3044.      166.     1164.     1940.
ATM3	DATE39	    -2235.    -2104.     2104.     2065.      338.     2152.
ATM3	DATE40	      617.     -439.      439.     2049.    -2048.     2583.
ATM3	DATE41	     1180.      593.     -593.     3943.     -819.     1820.
ATM3	DATE42	     1064.    -1957.     1957.      607.     1992.     1121.
ATM3	DATE43	     5003.     1767.    -1767.     1346.      131.      837.
ATM3	DATE44	     3460.     1911.    -1911.     4364.      636.      780.
ATM3	DATE45	     3438.      539.     -539.      987.      327.      677.
ATM3	DATE46	      148.      476.     -476.     5493.    -1748.     2203.
ATM3	DATE47	      861.     1930.    -1930.       66.    -2604.     3603.
ATM3	DATE48	    -1233.    -1676.     1676.      296.    -1522.     3532.
ATM3	DATE49	     -142.    -1117.     1117.      118.    -1552.     2824.
ATM3	DATE50	     4973.      857.     -857.     2886.      655.       29.
ATM3	DATE51	     1736.     1526.    -1526.      425.    -1216.     1981.
ATM3	DATE52	    -1471.    -2729.     2729.     1110.     1576.     1482.
ATM3	DATE53	      998.     3168.    -3168.     1336.    -3853.     3946.
ATM3	DATE54	     5957.     -109.      109.     2600.      814.      651.
ATM3	DATE55	     3372.     1325.    -1325.      739.    -2706.     3210.
ATM3	DATE56	     -955.     -943.      943.      737.      691.     1921.
ATM3	DATE57	     -984.     -698.      698.     1966.      361.     1888.
ATM3	DATE58	     6788.     1011.    -1011.     1079.      589.     1268.
ATM3	DATE59	     6772.      643.     -643.       46.      762.      346.
ATM3	DATE60	     -826.      186.     -186.      394.      208.      715.
ATM3	DATE61	    -2111.      385.     -385.     1113.      132.     2945.
ATM3	DATE62	     -586.     -558.      558.     1242.     -476.     2513.
ATM3	DATE63	     6189.      241.     -241.      116.     -430.      461.
ATM3	DATE64	    -1766.     -955.      955.      535.     -916.     3915.
ATM3	DATE65	     6599.    -1181.     1181.      832.     1736.      751.
ATM3	DATE66	     3646.     2324.    -2324.     1268.    -3177.     3877.
ATM3	DATE67	     1652.     2042.    -2042.      568.    -1242.     1522.
ATM3	DATE68	     2161.     -933.      933.     1901.       25.     1704.
ATM3	DATE69	    -1351.      309.     -309.      200.     -672.     2099.
ATM3	DATE70	     5858.     3684.    -3684.       29.      911.      321.
ATM3	DATE71	     -771.     -235.      235.      713.    -1866.     2925.
ATM3	DATE72	     3165.     -179.      179.     3343.      820.     1331.
ATM3	DATE73	     2749.     2049.    -2049.      286.    -1255.     1351.
ATM3	DATE74	      -19.      623.     -623.      329.     -439.     1262.
ATM3	DATE75	     1647.     -543.      543.      297.     1989.      120.
ATM3	DATE76	      566.     1665.    -1665.      381.    -2050.     2313.
ATM3	DATE77	    -3589.    -2098.     2098.      133.     3323.      545.
ATM3	DATE78	     1154.       36.      -36.      182.     1184.      337.
ATM3	DATE79	      -42.       94.      -94.      589.     2393.      302.
ATM3	DATE80	     3280.    -1419.     1419.      282.      324.     1401.
ATM3	DATE81	     1823.      400.     -400.      479.    -1581.     2313.
ATM3	DATE82	     6106.      590.     -590.     1256.     -489.     1521.
ATM3	DATE83	     2376.      547.     -547.     1610.    -3325.     3487.
ATM3	DATE84	     3435.     1846.    -1846.      903.    -1866.     2171.
ATM3	DATE85	      147.     -742.      742.      112.     2733.      343.
ATM3	DATE86	     4620.     -811.      811.     1768.      725.     1842.
ATM3	DATE87	     2088.      -90.       90.     3393.     -969.     3160.
ATM3	DATE88	     1449.    -1582.     1582.     2582.      251.     1964.
ATM3	DATE89	    -2955.    -1942.     1942.      219.     1969.     1351.
ATM3	DATE90	      864.      432.     -432.      394.     -741.     1461.
ATM3	DATE91	     9605.    -1030.     1030.      513.      586.     2094.
ATM3	DATE92	    -1809.     -822.      822.      251.     -502.     2370.
ATM3	DATE93	      -64.      524.     -524.      814.    -1148.     1494.
ATM3	DATE94	     2373.     -496.      496.     1491.     -250.     1755.
ATM3	DATE95	     1403.     2644.    -2644.       81.    -1591.     3070.
ATM3	DATE96	     1147.      994.     -994.      738.      505.      947.
ATM3	DATE97	    -1977.    -2061.     2061.      120.     2958.      177.
ATM3	DATE98	    -1201.    -1328.     1328.      922.     2800.      438.
ATM3	DATE99	     1361.      -27.       27.      241.    -1269.     1880.
ATM4	DATE0	     -275.    -1656.     1656.      775.     -790.     2689.
ATM4	DATE1	     6533.      834.     -834.       67.     -598.     2006.
ATM4	DATE2	     -481.        3.       -3.      220.    -1771.     3186.
ATM4	DATE3	      702.     1541.    -1541.     1899.       36.       40.
ATM4	DATE4	     3487.     -453.      453.      328.     -596.     1542.
ATM4	DATE5	     5716.      -61.       61.     1065.    -1031.     2525.
ATM4	DATE6	      392.     -309.      309.       20.      995.      314.
ATM4	DATE7	     1552.      676.     -676.      438.     1193.      728.
ATM4	DATE8	    -1259.     -211.      211.      257.    -1966.     4351.
ATM4	DATE9	    -1566.     -253.      253.      356.     -105.     2059.
ATM4	DATE10	     -399.      214.     -214.      422.    -1831.     2604.
ATM4	DATE11	      953.      542.     -542.     1342.      846.     1982.
ATM4	DATE12	     -764.      751.     -751.      411.    -2632.     3801.
ATM4	DATE13	     -660.     -829.      829.      581.     2436.      182.
ATM4	DATE14	    -1033.     -822.      822.      506.    -1584.     3755.
ATM4	DATE15	     1171.     -116.      116.     3002.     1567.      387.
ATM4	DATE16	     6716.      -98.       98.      460.     -727.     2769.
ATM4	DATE17	     4892.     4212.    -4212.     1351.    -1679.     1681.
ATM4	DATE18	     2274.      142.     -142.      468.     -641.     2268.
ATM4	DATE19	    -1088.     -271.      271.     1219.    -1559.     2686.
ATM4	DATE20	     3266.    -1675.     1675.     1280.    -3174.     4983.
ATM4	DATE21	      531.       98.      -98.      187.    -4218.     6083.
ATM4	DATE22	    -1823.      736.     -736.      393.     1608.      342.
ATM4	DATE23	     1343.     -180.      180.      279.      657.      519.
ATM4	DATE24	     2939.     1823.    -1823.      275.    -2416.     3203.
ATM4	DATE25	    10107.     2637.    -2637.      394.      634.       55.
ATM4	DATE26	      158.    -1658.     1658.      253.      416.     2114.
ATM4	DATE27	    -1139.    -1706.     1706.     2211.     2918.      185.
ATM4	DATE28	      -67.    -2329.     2329.     2040.     2966.      483.
ATM4	DATE29	    -3029.    -2507.     2507.     2092.      139.     3141.
ATM4	DATE30	     7996.    -1667.     1667.     1402.     -145.     2725.
ATM4	DATE31	    -1989.     -459.      459.      958.     1934.      663.
ATM4	DATE32	       34.     1903.    -1903.     1988.     -764.      994.
ATM4	DATE33	     4721.     1885.    -1885.       32.    -2115.     3462.
ATM4	DATE34	     4793.    -1843.     1843.      291.      818.     2829.
ATM4	DATE35	     1900.      336.     -336.      126.    -1716.     1865.
ATM4	DATE36	     1483.     -599.      599.     1767.    -1314.     3071.
ATM4	DATE37	     4045.     -719.      719.      687.     -472.     1853.
ATM4	DATE38	    -1717.     -414.      414.      593.     2492.      718.
ATM4	DATE39	      -70.     1126.    -1126.       37.    -2086.     2791.
ATM4	DATE40	      125.      353.     -353.      891.     1498.     1810.
ATM4	DATE41	     -810.    -1730.     1730.     3157.     2227.       63.
ATM4	DATE42	      981.     1241.    -1241.     3016.    -1641.     3576.
ATM4	DATE43	     -587.       27.      -27.      516.     -167.     1896.
ATM4	DATE44	     -302.       89.      -89.      294.     1117.      660.
ATM4	DATE45	     -321.     -204.      204.       18.     -321.     3154.
ATM4	DATE46	     1476.     1010.    -1010.      408.      268.      352.
ATM4	DATE47	     9361.     -653.      653.     2187.      732.     1253.
ATM4	DATE48	     2109.     1480.    -1480.       48.      109.      286.
ATM4	DATE49	      807.     -249.      249.      313.     1089.      175.
ATM4	DATE50	     -104.      788.     -788.      478.    -2614.     2934.
ATM4	DATE51	      223.     1307.    -1307.      688.     -342.     1316.
ATM4	DATE52	     3353.      142.     -142.     2126.      170.     1516.
ATM4	DATE53	     -414.    -1501.     1501.     1094.      143.     1909.
ATM4	DATE54	    -2084.     -821.      821.     1680.     3026.      622.
ATM4	DATE55	     -201.    -2368.     2368.     1379.      423.     3492.
ATM4	DATE56	      187.      892.     -892.      714.     1376.      323.
ATM4	DATE57	     5574.      817.     -817.      415.     -583.     1426.
ATM4	DATE58	    -1525.      536.     -536.      493.      838.     1429.
ATM4	DATE59	    10238.     3315.    -3315.      373.    -3160.     3617.
ATM4	DATE60	    -1642.     -984.      984.      249.     1587.      793.
ATM4	DATE61	     3101.      619.     -619.      590.     -109.     1915.
ATM4	DATE62	     1542.     1916.    -1916.      776.     1007.     1340.
ATM4	DATE63	      -66.     1379.    -1379.      240.      -50.      619.
ATM4	DATE64	     -238.     -686.      686.        9.      -26.     1926.
ATM4	DATE65	      141.     -620.      620.     3557.     -470.     1865.
ATM4	DATE66	     1173.     -273.      273.      577.    -1870.     2168.
ATM4	DATE67	     2512.     1607.    -1607.      228.     -110.      185.
ATM4	DATE68	     -532.    -2237.     2237.     3037.     1317.     2791.
ATM4	DATE69	      172.      572.     -572.       93.     -393.     1378.
ATM4	DATE70	      872.      848.     -848.     4069.      239.      579.
ATM4	DATE71	     9682.      946.     -946.      474.     1527.      214.
ATM4	DATE72	    -1812.     -684.      684.     1209.     -220.     2205.
ATM4	DATE73	    -1046.     -494.      494.     1826.    -3631.     4947.
ATM4	DATE74	     -953.      512.     -512.      632.    -3752.     5334.
ATM4	DATE75	     -371.     -482.      482.     2178.    -1765.     2944.
ATM4	DATE76	     7941.      826.     -826.      302.    -1281.     2268.
ATM4	DATE77	    -1467.      860.     -860.     1479.     -476.     1949.
ATM4	DATE78	     3458.      609.     -609.      107.     1499.     1757.
ATM4	DATE79	    -2229.    -2066.     2066.     2000.     1482.     1007.
ATM4	DATE80	    -1227.    -3116.     3116.      301.     1382.     1845.
ATM4	DATE81	     3737.      523.     -523.     3992.    -1689.     2402.
ATM4	DATE82	     -473.    -2750.     2750.      975.     1414.     2124.
ATM4	DATE83	    -3465.    -2556.     2556.      709.      367.     3327.
ATM4	DATE84	     3016.    -1673.     1673.      459.     1463.      517.
ATM4	DATE85	     2732.    -1390.     1390.      923.     1188.     1357.
ATM4	DATE86	     5348.     1088.    -1088.      160.      808.      963.
ATM4	DATE87	      888.     2000.    -2000.      805.    -1711.     3276.
ATM4	DATE88	     2916.     1216.    -1216.      703.    -2942.     4009.
ATM4	DATE89	     1387.     -465.      465.      375.    -1886.     3138.
ATM4	DATE90	      789.      511.     -511.      435.     -182.     1746.
ATM4	DATE91	     3578.     1014.    -1014.      985.    -2253.     2310.
ATM4	DATE92	      997.      717.     -717.       11.      -18.     1579.
ATM4	DATE93	      634.     -187.      187.      704.     -107.     2110.
ATM4	DATE94	     -707.      463.     -463.      720.    -1024.     2296.
ATM4	DATE95	      627.    -1730.     1730.     1140.      812.     2340.
ATM4	DATE96	    -2803.    -2081.     2081.       85.      661.     3509.
ATM4	DATE97	     3022.     -952.      952.      472.       37.     1019.
ATM4	DATE98	     1852.     2164.    -2164.      531.    -1931.     2076.
ATM4	DATE99	     3728.     -607.      607.      128.     -150.     3706.
ATM5	DATE0	       29.     1297.    -1297.       82.    -1759.     2076.
ATM5	DATE1	     -732.     -940.      940.      389.     -370.     2542.
ATM5	DATE2	     1022.      391.     -391.      430.     1047.      977.
ATM5	DATE3	     8156.     -937.      937.     1235.      279.     2810.
ATM5	DATE4	     1507.     -109.      109.     1370.    -1184.     1543.
ATM5	DATE5	     1746.     2538.    -2538.      722.       -1.      400.
ATM5	DATE6	     5778.     -616.      616.      177.     -283.     1674.
ATM5	DATE7	     -247.     1104.    -1104.     1201.     1631.      406.
ATM5	DATE8	    10577.     1659.    -1659.     1388.    -1969.     2540.
ATM5	DATE9	    -2198.    -1608.     1608.      246.    -1421.     4347.
ATM5	DATE10	     -295.    -2059.     2059.       79.     -148.     2269.
ATM5	DATE11	     4885.      414.     -414.     1803.    -2814.     3982.
ATM5	DATE12	     -450.      821.     -821.     1226.      691.     1241.
ATM5	DATE13	      690.     1409.    -1409.      560.      725.      482.
ATM5	DATE14	      163.     -915.      915.     1346.      841.     1023.
ATM5	DATE15	    -2433.    -1117.     1117.      227.      136.     3243.
ATM5	DATE16	      632.     3156.    -3156.      868.    -3307.     3939.
ATM5	DATE17	     1746.    -1413.     1413.      637.    -1837.     3535.
ATM5	DATE18	     -662.    -1958.     1958.     1056.     1753.     1597.
ATM5	DATE19	     -313.      812.     -812.      711.     1231.       27.
ATM5	DATE20	     2163.     -125.      125.     2140.    -3663.     4962.
ATM5	DATE21	     2698.     -395.      395.      200.      820.     1584.
ATM5	DATE22	     3350.     1320.    -1320.     3287.     -873.     1911.
ATM5	DATE23	     3168.     -251.      251.     1118.    -2540.     3379.
ATM5	DATE24	      420.      587.     -587.      985.      852.     1044.
ATM5	DATE25	     9124.       21.      -21.      359.    -1056.     1799.
ATM5	DATE26	     5227.      557.     -557.      331.     1890.       79.
ATM5	DATE27	    -1766.    -1937.     1937.      779.     1483.      763.
ATM5	DATE28	    -1180.     2071.    -2071.       41.    -1852.     3463.
ATM5	DATE29	     2715.      359.     -359.      394.    -2057.     2810.
ATM5	DATE30	     3980.     1420.    -1420.      374.     -591.     1769.
ATM5	DATE31	     3179.     -460.      460.      725.    -1832.     3064.
ATM5	DATE32	     2702.       38.      -38.     1131.        4.      853.
ATM5	DATE33	      366.      458.     -458.      360.     1046.      101.
ATM5	DATE34	     -413.    -1386.     1386.      448.      161.     1350.
ATM5	DATE35	     -570.      880.     -880.      417.    -1866.     3725.
ATM5	DATE36	     5168.     -764.      764.     1276.     1661.       48.
ATM5	DATE37	     2798.     -783.      783.      929.       65.     1021.
ATM5	DATE38	     1291.      109.     -109.     3222.    -1871.     2154.
ATM5	DATE39	    -2164.     -567.      567.      892.      729.     1564.
ATM5	DATE40	     1168.     1091.    -1091.      655.    -1409.     2923.
ATM5	DATE41	      361.     3271.    -3271.      109.    -2944.     2949.
ATM5	DATE42	    -1034.    -1969.     1969.     2113.     1609.      465.
ATM5	DATE43	    -1973.     1034.    -1034.     1435.     2269.      559.
ATM5	DATE44	     1120.      123.     -123.      466.      737.      448.
ATM5	DATE45	     5585.     1504.    -1504.      246.     1438.      999.
ATM5	DATE46	      612.     2285.    -2285.     1533.      879.      326.
ATM5	DATE47	    -1775.     -766.      766.      778.    -2367.     4622.
ATM5	DATE48	     -337.     -145.      145.      337.    -2801.     3565.
ATM5	DATE49	     2482.    -1116.     1116.     1178.     1278.      683.
ATM5	DATE50	    -2048.     1543.    -1543.     1421.     -292.     2748.
ATM5	DATE51	     -662.      141.     -141.      367.    -1299.     2488.
ATM5	DATE52	    -1467.     1076.    -1076.      335.     -187.     2270.
ATM5	DATE53	    -2335.    -2143.     2143.     2965.     1052.     1753.
ATM5	DATE54	      959.     -555.      555.     1353.      -77.     1529.
ATM5	DATE55	    -1089.     -726.      726.      453.      817.      855.
ATM5	DATE56	    -1873.     -182.      182.     1183.      667.     1345.
ATM5	DATE57	    -3064.     -741.      741.      674.     2025.     1931.
ATM5	DATE58	     2008.      645.     -645.      236.    -1696.     1863.
ATM5	DATE59	      381.      452.     -452.     3776.    -1496.     1590.
ATM5	DATE60	     1683.      957.     -957.        9.      886.      660.
ATM5	DATE61	     3856.      863.     -863.     3382.    -1622.     2800.
ATM5	DATE62	     9437.      325.     -325.      426.    -1634.     1838.
ATM5	DATE63	     -931.      753.     -753.     1880.    -1140.     2160.
ATM5	DATE64	    -2039.     -114.      114.     3758.    -1404.     4018.
ATM5	DATE65	      190.     1678.    -1678.      158.    -1010.     1031.
ATM5	DATE66	    -1276.    -1100.     1100.     2336.      684.     1102.
ATM5	DATE67	     2354.     -265.      265.     3837.    -2671.     3459.
ATM5	DATE68	     -458.    -3206.     3206.      234.      991.     3053.
ATM5	DATE69	     -370.      -46.       46.     2832.      413.      904.
ATM5	DATE70	    -1374.    -1360.     1360.       88.     2152.     1181.
ATM5	DATE71	      582.    -1954.     1954.      134.      433.     1777.
ATM5	DATE72	    -2412.    -1520.     1520.       74.      698.     1729.
ATM5	DATE73	    -1248.     -252.      252.      849.     1704.       72.
ATM5	DATE74	    -2621.     -349.      349.      444.     1507.     1255.
ATM5	DATE75	     2277.    -1125.     1125.     3817.     -138.     2088.
ATM5	DATE76	     2690.      478.     -478.      110.    -3322.     4199.
ATM5	DATE77	     -842.     1452.    -1452.       32.     -764.     2123.
ATM5	DATE78	     8448.       88.      -88.     2750.      386.     1355.
ATM5	DATE79	     4568.     1770.    -1770.     1253.     -813.     1563.
ATM5	DATE80	    -2139.      573.     -573.      118.     1574.      989.
ATM5	DATE81	        5.     -121.      121.     2187.     1832.       21.
ATM5	DATE82	     4923.     3057.    -3057.     1194.    -2156.     2648.
ATM5	DATE83	     2107.     1510.    -1510.     1189.      603.     1393.
ATM5	DATE84	     6270.       35.      -35.      873.    -2000.     3245.
ATM5	DATE85	    -1286.      820.     -820.      385.      261.     1749.
ATM5	DATE86	      241.      -73.       73.     5711.    -1327.     2049.
ATM5	DATE87	     5388.     -411.      411.      429.     1088.      865.
ATM5	DATE88	     3414.     2017.    -2017.      320.    -1132.     2265.
ATM5	DATE89	     -170.      206.     -206.      998.    -1310.     1970.
ATM5	DATE90	    -1683.    -1553.     1553.     1924.    -3601.     5623.
ATM5	DATE91	    -2398.    -2116.     2116.      468.    -2280.     5228.
ATM5	DATE92	     1973.      697.     -697.       23.    -1100.     1124.
ATM5	DATE93	    11518.     1769.    -1769.      462.    -2097.     3449.
ATM5	DATE94	     1734.      571.     -571.     1000.    -1793.     3363.
ATM5	DATE95	    -1071.     1354.    -1354.     1141.      120.     1121.
ATM5	DATE96	     4859.      137.     -137.      874.    -1522.     2460.
ATM5	DATE97	      622.     -627.      627.      407.      136.     1943.
ATM5	DATE98	    -1575.    -1879.     1879.      925.      940.     1654.
ATM5	DATE99	      -82.     1311.    -1311.     1803.     -951.     2484.
ATM6	DATE0	     1762.     1009.    -1009.      726.    -3274.     5081.
ATM6	DATE1	     2582.     1063.    -1063.       27.      277.     1592.
ATM6	DATE2	    -2355.     -845.      845.      940.      841.     1726.
ATM6	DATE3	     4973.     2277.    -2277.     1425.       34.      890.
ATM6	DATE4	     6710.     1152.    -1152.      415.     -651.      734.
ATM6	DATE5	      959.     2068.    -2068.     1267.     -339.      644.
ATM6	DATE6	      137.     -960.      960.      411.    -1626.     3209.
ATM6	DATE7	    -1553.    -1227.     1227.       98.      438.     1173.
ATM6	DATE8	     2830.     -266.      266.      125.    -2393.     3484.
ATM6	DATE9	     -882.    -1324.     1324.       92.     1544.      778.
ATM6	DATE10	    -2632.    -2454.     2454.      808.     3139.      425.
ATM6	DATE11	      644.      913.     -913.     1575.       83.     1156.
ATM6	DATE12	     6299.      168.     -168.      908.    -1422.     2799.
ATM6	DATE13	     2421.      900.     -900.     1987.      830.      117.
ATM6	DATE14	      959.     1836.    -1836.      731.      911.      496.
ATM6	DATE15	    -2325.        3.       -3.      740.    -1964.     4744.
ATM6	DATE16	     4658.     -492.      492.      290.     -413.     2528.
ATM6	DATE17	    -1184.      411.     -411.      103.      -21.     1584.
ATM6	DATE18	     2029.     1358.    -1358.      220.     -574.      989.
ATM6	DATE19	    -1931.    -1781.     1781.      676.      737.     1544.
ATM6	DATE20	    -1699.    -1803.     1803.      507.     -465.     2647.
ATM6	DATE21	     -282.     2049.    -2049.      983.      200.     1370.
ATM6	DATE22	     -188.     -638.      638.      216.      286.     1003.
ATM6	DATE23	      448.    -1446.     1446.      324.     1075.     1292.
ATM6	DATE24	     4782.     1050.    -1050.     3044.    -1618.     1722.
ATM6	DATE25	     -693.     1330.    -1330.       29.    -4786.     6074.
ATM6	DATE26	     3622.     -304.      304.      448.     2784.      169.
ATM6	DATE27	     -244.     -957.      957.     2545.    -1839.     3246.
ATM6	DATE28	    -2646.    -1855.     1855.      597.     1676.     1781.
ATM6	DATE29	     1105.      707.     -707.     1071.     -366.     1973.
ATM6	DATE30	     2531.    -1151.     1151.      762.     -312.     1617.
ATM6	DATE31	     4071.     3095.    -3095.     2759.     -641.      789.
ATM6	DATE32	      595.     2813.    -2813.      397.    -2348.     2832.
ATM6	DATE33	     1906.     -537.      537.       42.      -89.      942.
ATM6	DATE34	      422.     -560.      560.      138.    -3291.     4965.
ATM6	DATE35	    -1386.    -1151.     1151.      884.     1392.      397.
ATM6	DATE36	     4310.     -220.      220.      232.     -524.     1947.
ATM6	DATE37	    -2652.    -2029.     2029.      197.      -63.     3758.
ATM6	DATE38	     -906.      322.     -322.     2296.    -1151.     2296.
ATM6	DATE39	     2712.     -370.      370.      425.     1061.      290.
ATM6	DATE40	     3118.      723.     -723.      719.      489.     1385.
ATM6	DATE41	     -887.    -1492.     1492.     1085.      290.     1279.
ATM6	DATE42	      720.     -394.      394.      728.     -407.     1661.
ATM6	DATE43	     5935.      718.     -718.     2282.     1919.      615.
ATM6	DATE44	     3544.    -1283.     1283.      161.      270.     1285.
ATM6	DATE45	     7661.     -307.      307.     1906.      352.      795.
ATM6	DATE46	    -1126.     -301.      301.     1061.    -1091.     2649.
ATM6	DATE47	       59.    -1556.     1556.     1191.     1696.     2113.
ATM6	DATE48	     1144.     -785.      785.     4002.      363.     2065.
ATM6	DATE49	    -2078.     -743.      743.     1350.      459.     2112.
ATM6	DATE50	      -77.      569.     -569.      447.      145.      897.
ATM6	DATE51	     1461.      -82.       82.      885.     -770.     2068.
ATM6	DATE52	     2718.     1530.    -1530.      398.     1351.      476.
ATM6	DATE53	    -1328.      -14.       14.      595.     1549.      361.
ATM6	DATE54	     -768.     -759.      759.     2092.     -141.     2433.
ATM6	DATE55	     -748.    -1043.     1043.      608.      800.      531.
ATM6	DATE56	     -678.      -84.       84.      312.    -4041.     5303.
ATM6	DATE57	     2867.     -207.      207.      171.    -1884.     3446.
ATM6	DATE58	    -2154.    -1635.     1635.      103.      668.     2015.
ATM6	DATE59	     -771.       26.      -26.       80.     1200.     1201.
ATM6	DATE60	     1847.      209.     -209.     3041.      901.      941.
ATM6	DATE61	      267.      147.     -147.      638.     -594.     1707.
ATM6	DATE62	     -727.     3773.    -3773.     3284.      593.      217.
ATM6	DATE63	     -270.     -464.      464.      935.      741.      969.
ATM6	DATE64	     2057.    -2250.     2250.      879.     1436.     1624.
ATM6	DATE65	     1717.      -38.       38.     2596.    -1182.     2896.
ATM6	DATE66	    -2385.     -400.      400.      747.      840.     2298.
ATM6	DATE67	     1339.    -1446.     1446.      839.    -1408.     3599.
ATM6	DATE68	     2111.    -1285.     1285.      581.     2264.      227.
ATM6	DATE69	     -277.     1881.    -1881.     2073.    -1202.     2793.
ATM6	DATE70	    -1249.     -317.      317.     2917.     1260.      343.
ATM6	DATE71	     -681.    -1115.     1115.      852.     -273.     3431.
ATM6	DATE72	     2095.     -929.      929.      817.     1843.      132.
ATM6	DATE73	     6979.      849.     -849.     1021.    -1758.     1927.
ATM6	DATE74	     1214.      -50.       50.      648.     1993.      878.
ATM6	DATE75	      460.     -334.      334.     1099.     -116.     1306.
ATM6	DATE76	      427.      814.     -814.      858.     -132.      282.
ATM6	DATE77	     7662.    -1637.     1637.      301.     1787.      120.
ATM6	DATE78	    -1612.     -451.      451.     1126.     -429.     2760.
ATM6	DATE79	     4323.       98.      -98.      586.     -492.     1094.
ATM6	DATE80	      671.     2339.    -2339.      125.     -698.     1509.
ATM6	DATE81	     1806.    -1563.     1563.     2710.      789.     1373.
ATM6	DATE82	    -1694.      489.     -489.      199.    -1271.     3613.
ATM6	DATE83	      304.     2632.    -2632.      724.    -1564.     1733.
ATM6	DATE84	     7143.    -1272.     1272.     1554.    -1703.     3490.
ATM6	DATE85	    -1457.      928.     -928.     1769.    -2581.     4056.
ATM6	DATE86	     2240.     1646.    -1646.      315.    -1167.     1185.
ATM6	DATE87	     2345.    -1610.     1610.      326.     -740.     2694.
ATM6	DATE88	      707.    -1580.     1580.      916.    -1065.     2926.
ATM6	DATE89	     1064.      215.     -215.      451.     -870.     2462.
ATM6	DATE90	      325.      487.     -487.       68.    -1060.     3835.
ATM6	DATE91	     2647.     2338.    -2338.     2495.    -1110.     2584.
ATM6	DATE92	     2189.     1651.    -1651.     3181.    -1249.     1672.
ATM6	DATE93	      244.     2055.    -2055.       58.    -2679.     2812.
ATM6	DATE94	     2032.    -2824.     2824.      703.      945.     2223.
ATM6	DATE95	     4555.     1578.    -1578.      248.    -3023.     3538.
ATM6	DATE96	     -383.    -2015.     2015.     1434.     1831.      855.
ATM6	DATE97	      491.      961.     -961.      126.     -548.     1260.
ATM6	DATE98	    -2409.      443.     -443.     1188.    -1486.     4085.
ATM6	DATE99	     2665.     2321.    -2321.      121.      569.       92.
ATM7	DATE0	      -31.     1095.    -1095.      645.     -114.      882.
ATM7	DATE1	     3859.      758.     -758.     1956.    -1353.     1834.
ATM7	DATE2	     4418.     -489.      489.     1747.     -882.     2722.
ATM7	DATE3	     -166.      896.     -896.      740.     -862.     2108.
ATM7	DATE4	     -604.     -691.      691.      469.    -1822.     3100.
ATM7	DATE5	     3081.     1311.    -1311.      506.     -118.     1707.
ATM7	DATE6	     5260.     -251.      251.     2193.     1246.      932.
ATM7	DATE7	    -1581.    -1819.     1819.      129.     1585.      645.
ATM7	DATE8	     -815.    -3425.     3425.      593.     2756.     1306.
ATM7	DATE9	      683.     -991.      991.     2160.     -890.     2521.
ATM7	DATE10	      -80.    -2300.     2300.      285.      488.     2543.
ATM7	DATE11	    -2142.    -1525.     1525.      381.      854.     1930.
ATM7	DATE12	      -13.    -1370.     1370.     1461.      128.     2473.
ATM7	DATE13	      163.     1735.    -1735.      397.     -273.      752.
ATM7	DATE14	      712.     -591.      591.      179.      695.     1787.
ATM7	DATE15	     2003.     1738.    -1738.      401.    -2274.     2506.
ATM7	DATE16	      401.      258.     -258.      565.    -1757.     1894.
ATM7	DATE17	    11273.     -639.      639.      370.    -1219.     1933.
ATM7	DATE18	      511.     4046.    -4046.     2193.     -784.     1053.
ATM7	DATE19	      947.     -636.      636.      694.    -1302.     1975.
ATM7	DATE20	     -382.      893.     -893.     1974.    -1846.     2382.
ATM7	DATE21	      -32.      591.     -591.       91.    -1014.     2756.
ATM7	DATE22	    -1388.    -1109.     1109.     1323.    -1732.     3396.
ATM7	DATE23	     2092.    -2224.     2224.     1004.     2280.      830.
ATM7	DATE24	     3665.      453.     -453.     1115.    -1899.     2337.
ATM7	DATE25	    -1579.     -200.      200.     1155.     -417.     3275.
ATM7	DATE26	     3015.     2603.    -2603.        1.     -440.     1043.
ATM7	DATE27	    -2113.    -1379.     1379.      511.     1018.     1205.
ATM7	DATE28	      455.     -235.      235.       75.     -468.      976.
ATM7	DATE29	     2002.     1081.    -1081.     4968.      843.      280.
ATM7	DATE30	       34.     -587.      587.      132.     -295.     1877.
ATM7	DATE31	     3061.     1039.    -1039.       51.    -2874.     2913.
ATM7	DATE32	     3384.     1777.    -1777.       12.    -1184.     1988.
ATM7	DATE33	     3326.      658.     -658.       75.     -368.      732.
ATM7	DATE34	    -1539.     -836.      836.        1.     2200.      400.
ATM7	DATE35	      819.     1226.    -1226.     1088.     1140.     1419.
ATM7	DATE36	    -2318.    -1019.     1019.      714.    -1058.     3483.
ATM7	DATE37	    -2534.     -592.      592.      660.     2433.      505.
ATM7	DATE38	    -1601.    -1652.     1652.     5725.     -621.     2332.
ATM7	DATE39	    -1473.     1315.    -1315.     1394.     -601.     2363.
ATM7	DATE40	     1657.      -94.       94.     1406.     1360.     1056.
ATM7	DATE41	    -1612.     1259.    -1259.     2872.    -1978.     4400.
ATM7	DATE42	     1980.      633.     -633.      404.      157.     1290.
ATM7	DATE43	     2984.     1343.    -1343.     1582.     -269.     1203.
ATM7	DATE44	     4961.      193.     -193.     1499.     1422.     1872.
ATM7	DATE45	     -350.    -1216.     1216.     1711.     -409.     3095.
ATM7	DATE46	     2240.     1161.    -1161.     1472.      -54.      125.
ATM7	DATE47	     5107.      955.     -955.      170.      228.      314.
ATM7	DATE48	     1157.     -724.      724.      979.     -978.     2039.
ATM7	DATE49	     1778.     -948.      948.     1671.     1187.     1832.
ATM7	DATE50	     -898.      691.     -691.      917.    -1005.     2035.
ATM7	DATE51	     1896.     -438.      438.      523.     -448.     1302.
ATM7	DATE52	       71.    -2809.     2809.      904.     3259.      129.
ATM7	DATE53	      793.      597.     -597.      737.    -1427.     1626.
ATM7	DATE54	     -444.    -1019.     1019.      304.     1086.       50.
ATM7	DATE55	     1365.     -417.      417.      250.    -1208.     1877.
ATM7	DATE56	      -73.      163.     -163.      238.    -1549.     1762.
ATM7	DATE57	    -1656.     -566.      566.      493.     -825.     2786.
ATM7	DATE58	    -2785.      -22.       22.       81.      905.     2298.
ATM7	DATE59	      820.    -1012.     1012.      254.      494.     1199.
ATM7	DATE60	     2155.      427.     -427.      741.     -797.     1133.
ATM7	DATE61	      868.     -627.      627.      909.      976.     1234.
ATM7	DATE62	     3152.    -1447.     1447.      446.     -636.     2312.
ATM7	DATE63	      403.     1421.    -1421.      309.      107.      967.
ATM7	DATE64	      527.     -899.      899.     2595.      512.      638.
ATM7	DATE65	     1390.       84.      -84.      535.      578.     1420.
ATM7	DATE66	     5503.     -980.      980.     1265.     -186.     2053.
ATM7	DATE67	     4134.     1767.    -1767.       45.    -1175.     1953.
ATM7	DATE68	    -1617.     -466.      466.     1590.     1867.      567.
ATM7	DATE69	     2464.     1461.    -1461.       56.    -2639.     2695.
ATM7	DATE70	     7075.     -460.      460.     1807.     -720.     2051.
ATM7	DATE71	     3112.    -1870.     1870.     3134.     2259.      569.
ATM7	DATE72	     -605.     1286.    -1286.      121.     1170.      652.
ATM7	DATE73	     -827.      698.     -698.      984.    -2558.     4091.
ATM7	DATE74	     1689.      364.     -364.       96.    -1025.     1724.
ATM7	DATE75	     3571.     -279.      279.     1215.    -2031.     2610.
ATM7	DATE76	      940.      152.     -152.     2301.     -665.     2167.
ATM7	DATE77	     4366.     1139.    -1139.      299.    -2541.     2811.
ATM7	DATE78	     -184.     1822.    -1822.     1253.    -1547.     2489.
ATM7	DATE79	      435.       97.      -97.     1285.    -2366.     3055.
ATM7	DATE80	     -906.    -1098.     1098.       11.     -777.     3343.
ATM7	DATE81	    -2374.       33.      -33.      424.     2392.      744.
ATM7	DATE82	      378.     2116.    -2116.     3114.    -1175.     2084.
ATM7	DATE83	    -2113.    -1786.     1786.     1805.     1563.     2297.
ATM7	DATE84	     1411.      798.     -798.     1178.     1771.      380.
ATM7	DATE85	     1129.      914.     -914.      532.     -728.     1111.
ATM7	DATE86	      -69.    -2982.     2982.     1490.     1661.     1594.
ATM7	DATE87	     3647.    -1723.     1723.       43.     -509.     3118.
ATM7	DATE88	     3747.     -163.      163.     2379.      782.      516.
ATM7	DATE89	     5299.     1364.    -1364.      629.     -615.     1151.
ATM7	DATE90	       41.    -1525.     1525.      344.      192.     1904.
ATM7	DATE91	      -59.      128.     -128.     1354.    -2101.     3333.
ATM7	DATE92	     7771.      190.     -190.      187.     1579.     1542.
ATM7	DATE93	     8742.     2176.    -2176.     2222.     1170.     1384.
ATM7	DATE94	     1866.      613.     -613.      342.     1263.     1189.
ATM7	DATE95	     -553.     1303.    -1303.     2240.    -1484.     2667.
ATM7	DATE96	      712.      321.     -321.     1685.     -609.     2498.
ATM7	DATE97	     5584.      791.     -791.      162.      389.      926.
ATM7	DATE98	      144.     -481.      481.      456.     -116.     1339.
ATM7	DATE99	    -1055.      503.     -503.     1145.      799.      504.
ATM8	DATE0	     -327.     1588.    -1588.      357.     -169.     1155.
ATM8	DATE1	     2193.    -1167.     1167.     1021.     -468.     2327.
ATM8	DATE2	     1027.    -1553.     1553.       58.     3329.       15.
ATM8	DATE3	    -1705.     -541.      541.     2129.     -970.     3040.
ATM8	DATE4	     7341.      563.     -563.      416.     1201.       40.
ATM8	DATE5	    -1860.     -842.      842.     1047.     1979.      359.
ATM8	DATE6	     -577.     -988.      988.      284.     -572.     2741.
ATM8	DATE7	     5857.     3269.    -3269.     1093.        3.     1395.
ATM8	DATE8	      294.     -644.      644.      893.     -346.     3523.
ATM8	DATE9	     2727.     1586.    -1586.     1871.    -1075.     1816.
ATM8	DATE10	     1904.     1662.    -1662.      116.     -595.     1249.
ATM8	DATE11	    10900.     -446.      446.      370.      665.     1104.
ATM8	DATE12	    -2470.    -3268.     3268.     1575.       58.     3416.
ATM8	DATE13	       74.     -279.      279.     2361.    -4173.     4904.
ATM8	DATE14	    -2565.     -685.      685.      644.    -1456.     4086.
ATM8	DATE15	       41.     1613.    -1613.     1214.       92.     1064.
ATM8	DATE16	     4777.     1882.    -1882.      777.    -1445.     2392.
ATM8	DATE17	     3974.     1037.    -1037.     1352.    -3622.     4543.
ATM8	DATE18	     2624.       86.      -86.     1453.      239.     2471.
ATM8	DATE19	      594.     1912.    -1912.     1278.    -3950.     4463.
ATM8	DATE20	     1864.      327.     -327.     2132.    -1898.     2392.
ATM8	DATE21	      282.      404.     -404.      620.    -2828.     3271.
ATM8	DATE22	     4392.     1830.    -1830.     1366.      149.      950.
ATM8	DATE23	    -2222.     -176.      176.      372.      538.     1792.
ATM8	DATE24	     -523.     1539.    -1539.      151.    -2278.     3196.
ATM8	DATE25	      -65.      119.     -119.     2986.      -71.      970.
ATM8	DATE26	    -1603.    -1096.     1096.      591.     -217.     2363.
ATM8	DATE27	    -2751.     -863.      863.      161.      448.     2519.
ATM8	DATE28	    -1918.      877.     -877.     1094.      415.     1848.
ATM8	DATE29	    -3238.    -1418.     1418.      964.     1019.     2416.
ATM8	DATE30	     4712.     -940.      940.      833.     1067.      108.
ATM8	DATE31	     5435.       65.      -65.     1156.     -421.      500.
ATM8	DATE32	      478.      -44.       44.     1416.    -1404.     1646.
ATM8	DATE33	      847.     1418.    -1418.     1809.    -2810.     3204.
ATM8	DATE34	    -1386.     -335.      335.      467.      362.     2154.
ATM8	DATE35	    -1836.    -1509.     1509.     1520.     1231.     2177.
ATM8	DATE36	     5582.      277.     -277.      681.    -1766.     2316.
ATM8	DATE37	     1688.     1734.    -1734.      874.    -1190.     1882.
ATM8	DATE38	     4217.     -944.      944.      167.     -365.     1854.
ATM8	DATE39	     4825.      906.     -906.      521.     1459.      697.
ATM8	DATE40	     2475.     2356.    -2356.     2054.    -2112.     2503.
ATM8	DATE41	     1836.    -1736.     1736.      472.    -1085.     2853.
ATM8	DATE42	     -489.    -1325.     1325.     2314.     -401.     3421.
ATM8	DATE43	    -1137.       94.      -94.     2650.     -328.     1541.
ATM8	DATE44	     3850.     2395.    -2395.     1182.     -260.      620.
ATM8	DATE45	      945.      -68.       68.       84.    -1677.     2713.
ATM8	DATE46	     2005.     -112.      112.     1104.     2134.      998.
ATM8	DATE47	      418.      455.     -455.       31.      242.     1070.
ATM8	DATE48	     4058.     1105.    -1105.       90.     -374.     1525.
ATM8	DATE49	      862.    -2437.     2437.      324.     2366.      775.
ATM8	DATE50	     3850.       -8.        8.      722.    -2251.     3131.
ATM8	DATE51	     7697.     2628.    -2628.      312.     1026.      565.
ATM8	DATE52	    10264.     1277.    -1277.      700.     -264.      923.
ATM8	DATE53	     3157.     1291.    -1291.     3460.     -383.      652.
ATM8	DATE54	     1113.     1458.    -1458.     1481.    -3269.     3438.
ATM8	DATE55	     -413.    -1289.     1289.      496.     2597.      386.
ATM8	DATE56	        8.     1139.    -1139.     1417.     1256.      460.
ATM8	DATE57	      857.    -1522.     1522.      466.    -1922.     3538.
ATM8	DATE58	     -415.     -493.      493.      465.    -2217.     2970.
ATM8	DATE59	    -1264.     -644.      644.      232.     -488.     2413.
ATM8	DATE60	     2075.     2758.    -2758.     2385.    -1259.     1502.
ATM8	DATE61	      396.     -868.      868.      252.      688.     1492.
ATM8	DATE62	      673.       13.      -13.     1026.     -208.     1285.
ATM8	DATE63	     -424.      548.     -548.      523.    -2823.     3353.
ATM8	DATE64	      690.       90.      -90.      751.     1153.      678.
ATM8	DATE65	     -454.     1084.    -1084.     1179.     -440.     2693.
ATM8	DATE66	     1646.     2133.    -2133.      712.     -972.     2357.
ATM8	DATE67	     2660.    -3029.     3029.       44.      606.     3216.
ATM8	DATE68	    -1212.     -399.      399.     1592.    -1400.     3386.
ATM8	DATE69	     2420.    -1564.     1564.      426.      977.     1401.
ATM8	DATE70	      512.      -24.       24.      150.     -130.      556.
ATM8	DATE71	     5009.     -316.      316.     1900.      -82.     2306.
ATM8	DATE72	      -62.      566.     -566.      189.     3132.      107.
ATM8	DATE73	      122.     -793.      793.      186.      -21.     1332.
ATM8	DATE74	    -2510.    -1330.     1330.     2276.      146.     3780.
ATM8	DATE75	     2707.     -560.      560.      399.    -2884.     3744.
ATM8	DATE76	     -279.     -305.      305.      327.      597.     1788.
ATM8	DATE77	      669.       83.      -83.      372.    -2842.     3734.
ATM8	DATE78	    -2735.    -1934.     1934.       73.     3553.       32.
ATM8	DATE79	    -2525.    -1047.     1047.     3077.      329.     2375.
ATM8	DATE80	     4133.       38.      -38.      574.       98.      697.
ATM8	DATE81	     4393.     -951.      951.      924.     1375.     1585.
ATM8	DATE82	    -1416.     -232.      232.     1772.     1736.     1404.
ATM8	DATE83	     2024.      906.     -906.      318.     -142.      709.
ATM8	DATE84	    -2923.    -2147.     2147.      505.     2341.      699.
ATM8	DATE85	     1293.    -1296.     1296.       70.      588.     1545.
ATM8	DATE86	     1221.      955.     -955.       90.     -193.      940.
ATM8	DATE87	    -1822.     -789.      789.      374.     2532.      666.
ATM8	DATE88	      854.      670.     -670.     1598.    -1017.     2246.
ATM8	DATE89	      847.     1548.    -1548.       78.        0.      973.
ATM8	DATE90	     2959.      276.     -276.      413.      -77.      795.
ATM8	DATE91	     1723.    -1245.     1245.      440.     -455.     3034.
ATM8	DATE92	      583.     2878.    -2878.      674.    -3137.     3472.
ATM8	DATE93	     5298.     -630.      630.      930.    -2268.     4378.
ATM8	DATE94	     1030.     1819.    -1819.     1932.    -4192.     4356.
ATM8	DATE95	    -1996.     1445.    -1445.      204.    -1727.     3793.
ATM8	DATE96	      731.     -653.      653.      564.     1376.      972.
ATM8	DATE97	      523.      260.     -260.      361.    -1075.     1552.
ATM8	DATE98	     3415.     -326.      326.      393.    -2910.     3728.
ATM8	DATE99	     4859.       18.      -18.      822.     -346.     1642.
ATM9	DATE0	     1182.      796.     -796.      414.     -406.     2834.
ATM9	DATE1	     2231.      118.     -118.     1290.     1230.     1011.
ATM9	DATE2	    -2041.    -1908.     1908.      538.      973.     1851.
ATM9	DATE3	     4831.     1000.    -1000.      664.     -227.      300.
ATM9	DATE4	     2359.    -1689.     1689.     1940.     2247.       18.
ATM9	DATE5	     2415.     -546.      546.      414.     -775.     2111.
ATM9	DATE6	      -73.     -177.      177.     1105.      424.     1892.
ATM9	DATE7	     3748.     1071.    -1071.      152.     -113.     1444.
ATM9	DATE8	     6094.     1073.    -1073.      825.     1138.       96.
ATM9	DATE9	     2828.     2900.    -2900.      242.     -664.      964.
ATM9	DATE10	     7715.     1275.    -1275.     2257.    -1460.     3149.
ATM9	DATE11	     4341.     1057.    -1057.     1794.      288.      700.
ATM9	DATE12	      664.    -1588.     1588.     1328.        7.     2371.
ATM9	DATE13	    -1097.     -607.      607.     2224.     -533.     2066.
ATM9	DATE14	     4203.     -599.      599.      443.      362.     1682.
ATM9	DATE15	    -2299.    -1728.     1728.     2346.     -903.     3230.
ATM9	DATE16	     -115.     1067.    -1067.     1552.     -255.      975.
ATM9	DATE17	     2174.      731.     -731.     1651.     1793.     1863.
ATM9	DATE18	      953.     1654.    -1654.     1514.    -2734.     2850.
ATM9	DATE19	     -124.     3002.    -3002.     1401.      130.      457.
ATM9	DATE20	      854.     1097.    -1097.       61.     -321.      897.
ATM9	DATE21	    -1152.     1589.    -1589.     2187.      241.     1216.
ATM9	DATE22	     -480.      728.     -728.      524.    -2097.     3199.
ATM9	DATE23	    -1884.     -325.      325.      573.     -835.     2943.
ATM9	DATE24	     2591.     -401.      401.     2224.    -2820.     4351.
ATM9	DATE25	     -696.     1736.    -1736.     1191.    -1752.     2861.
ATM9	DATE26	      -14.      825.     -825.     3566.    -1058.     2337.
ATM9	DATE27	     2219.     1757.    -1757.      128.      661.     1103.
ATM9	DATE28	     -952.      210.     -210.       39.    -2898.     4428.
ATM9	DATE29	     2537.      988.     -988.      849.    -2385.     3562.
ATM9	DATE30	     2569.      357.     -357.      689.     -170.     1099.
ATM9	DATE31	     1014.      785.     -785.     1075.    -1458.     2181.
ATM9	DATE32	     -438.       99.      -99.      270.    -2435.     3049.
ATM9	DATE33	     1513.      -26.       26.      724.     -304.     2287.
ATM9	DATE34	      901.      724.     -724.      374.    -2489.     3299.
ATM9	DATE35	      951.     -532.      532.     1014.    -1131.     2140.
ATM9	DATE36	    -1321.    -1174.     1174.      355.    -1749.     3931.
ATM9	DATE37	     1109.      670.     -670.       80.      -69.     2852.
ATM9	DATE38	     6590.     -927.      927.       76.     1652.      254.
ATM9	DATE39	      428.      122.     -122.     1149.     1302.     1449.
ATM9	DATE40	     -440.     1108.    -1108.     2342.      215.      910.
ATM9	DATE41	     3481.     -728.      728.     1515.      210.     1180.
ATM9	DATE42	    -2216.     1596.    -1596.      800.     -274.     2926.
ATM9	DATE43	     -542.    -1003.     1003.      665.     1375.      529.
ATM9	DATE44	      124.     -192.      192.     1451.    -1892.     2433.
ATM9	DATE45	    -1123.     1186.    -1186.     1066.      189.     2764.
ATM9	DATE46	     2127.      183.     -183.      991.    -2936.     3142.
ATM9	DATE47	    -3265.    -1690.     1690.      481.     1828.     2123.
ATM9	DATE48	      359.     2855.    -2855.      779.    -2494.     2584.
ATM9	DATE49	     9034.     -104.      104.      499.    -3081.     3721.
ATM9	DATE50	     -539.     -205.      205.     2173.      105.     1357.
ATM9	DATE51	     1003.      694.     -694.      183.     1021.     1435.
ATM9	DATE52	      862.     -280.      280.     1643.      -90.     1605.
ATM9	DATE53	    -2945.    -2941.     2941.      486.     3271.      797.
ATM9	DATE54	     2648.      688.     -688.     2208.     -981.     1959.
ATM9	DATE55	     -119.     -695.      695.      435.    -1997.     3373.
ATM9	DATE56	     1049.     1389.    -1389.       61.    -2165.     2707.
ATM9	DATE57	     4266.     2719.    -2719.        9.      151.      318.
ATM9	DATE58	     6781.      532.     -532.     1083.      239.       53.
ATM9	DATE59	    -2142.    -1947.     1947.      527.     1275.     2201.
ATM9	DATE60	     1987.      820.     -820.     1628.     1397.      252.
ATM9	DATE61	     9944.     -348.      348.     2716.     2048.       70.
ATM9	DATE62	      947.    -1569.     1569.     1504.     1341.      314.
ATM9	DATE63	      284.     1263.    -1263.      169.    -1715.     2041.
ATM9	DATE64	     3799.     -527.      527.      835.      -61.     1941.
ATM9	DATE65	     1805.     -795.      795.     1364.     -693.     2279.
ATM9	DATE66	     1761.    -1127.     1127.       52.      550.     2654.
ATM9	DATE67	     5434.      503.     -503.      450.    -1846.     2067.
ATM9	DATE68	      106.      640.     -640.     1617.      149.     1011.
ATM9	DATE69	      232.     2765.    -2765.      743.     -999.     1320.
ATM9	DATE70	      430.     3262.    -3262.      100.    -1187.     1470.
ATM9	DATE71	     3328.    -1654.     1654.      183.    -1020.     2849.
ATM9	DATE72	    -1975.    -1655.     1655.     1733.    -1205.     3935.
ATM9	DATE73	      -29.    -3033.     3033.     1079.     1944.     1384.
ATM9	DATE74	     -612.      736.     -736.      245.    -1398.     3016.
ATM9	DATE75	     1957.      434.     -434.      455.    -1814.     1976.
ATM9	DATE76	      425.     1512.    -1512.     1386.      530.     1875.
ATM9	DATE77	     1131.    -3402.     3402.      503.     3580.       99.
ATM9	DATE78	     2162.      713.     -713.      265.      193.      105.
ATM9	DATE79	     -880.      214.     -214.      139.    -1168.     2172.
ATM9	DATE80	     2734.     -145.      145.      531.    -3214.     3413.
ATM9	DATE81	      396.     -135.      135.      287.     1470.      259.
ATM9	DATE82	     5323.     -630.      630.       67.      819.      198.
ATM9	DATE83	     -698.    -1147.     1147.     1183.     -219.     1693.
ATM9	DATE84	     2838.      936.     -936.      267.    -4457.     4796.
ATM9	DATE85	     5607.    -1089.     1089.     1067.     -538.     2632.
ATM9	DATE86	      115.    -1160.     1160.      496.     1560.       27.
ATM9	DATE87	     8110.     2334.    -2334.      163.    -1394.     2165.
ATM9	DATE88	    -2986.    -2917.     2917.       22.      554.     3057.
ATM9	DATE89	     2288.     -413.      413.      155.      187.     2671.
ATM9	DATE90	     5382.    -2723.     2723.      389.     1939.     2026.
ATM9	DATE91	     6545.      414.     -414.     2336.      343.      750.
ATM9	DATE92	     2075.    -2101.     2101.      288.      756.     2252.
ATM9	DATE93	    -2136.    -1955.     1955.       99.     1376.     1510.
ATM9	DATE94	      346.      -75.       75.      223.    -1235.     2295.
ATM9	DATE95	     4965.    -1366.     1366.     2266.     -952.     3637.
ATM9	DATE96	     3238.      409.     -409.      394.      332.     1585.
ATM9	DATE97	      979.     1408.    -1408.     1512.     -506.     1634.
ATM9	DATE98	     2244.    -1082.     1082.     1840.     1397.      974.
ATM9	DATE99	     2174.    -1982.     1982.      231.     1297.     1164.
