a	d	CA	CB	CC	CD	CD	CE	CW
ATM0	DATE0	    -1839.      401.     -401.        4.      689.     1862.
ATM0	DATE1	     3418.     -107.      107.      498.      734.      443.
ATM0	DATE2	    -1828.     -573.      573.       89.     -202.     2537.
ATM0	DATE3	       15.    -1147.     1147.        3.     3409.      152.
ATM0	DATE4	     -526.      994.     -994.     3779.    -1926.     3024.
ATM0	DATE5	    -1204.     1102.    -1102.      965.     -204.     1423.
ATM0	DATE6	     3719.     1958.    -1958.     4032.     -856.     1454.
ATM0	DATE7	     3778.     -113.      113.      163.    -2072.     2420.
ATM0	DATE8	     7824.      334.     -334.     1454.    -1071.     1941.
ATM0	DATE9	     -278.      851.     -851.      609.     -701.     1771.
ATM0	DATE10	    -1428.    -1185.     1185.      640.     1449.        9.
ATM0	DATE11	     2885.    -1539.     1539.     1082.     1438.     1784.
ATM0	DATE12	    -1657.    -3083.     3083.     1260.     2635.     1505.
ATM0	DATE13	     3239.    -1022.     1022.       62.      639.     1892.
ATM0	DATE14	     1999.     1060.    -1060.      729.     -193.      454.
ATM0	DATE15	     -291.      873.     -873.       17.     -641.     1468.
ATM0	DATE16	     -737.      -45.       45.     1639.     -186.     1594.
ATM0	DATE17	     5311.     1302.    -1302.     2176.     -765.     2066.
ATM0	DATE18	     1879.      860.     -860.      132.      333.      753.
ATM0	DATE19	     1609.    -1711.     1711.      834.     1749.      308.
ATM0	DATE20	      807.     1795.    -1795.      198.    -1853.     2328.
ATM0	DATE21	    -1683.    -1751.     1751.      231.    -1331.     3434.
ATM0	DATE22	     -729.     -177.      177.     1187.    -1363.     2126.
ATM0	DATE23	     3361.      -36.       36.      927.     -811.     1454.
ATM0	DATE24	     1197.      276.     -276.     1590.     -637.     1535.
ATM0	DATE25	     6895.      602.     -602.      353.      182.     1738.
ATM0	DATE26	    -1306.      715.     -715.      578.    -1713.     3417.
ATM0	DATE27	     -401.       98.      -98.      845.     -225.     1032.
ATM0	DATE28	     2924.     -854.      854.     3001.     1440.     1013.
ATM0	DATE29	      136.     2566.    -2566.      852.    -1180.     1301.
ATM0	DATE30	     8896.     -269.      269.      573.      -73.     1162.
ATM0	DATE31	     4305.     -856.      856.     1375.     1045.      359.
ATM0	DATE32	     -970.      113.     -113.       24.     -267.     2114.
ATM0	DATE33	     -257.    -2074.     2074.      173.     2275.      362.
ATM0	DATE34	     4702.     -162.      162.      993.     -349.     3013.
ATM0	DATE35	     1645.     -316.      316.     3519.      252.     1409.
ATM0	DATE36	     3091.     1855.    -1855.       43.    -1470.     2026.
ATM0	DATE37	     1703.    -1728.     1728.      402.      158.     1923.
ATM0	DATE38	     1531.     -301.      301.      610.      214.      828.
ATM0	DATE39	     -541.     -216.      216.     1358.      335.      344.
ATM0	DATE40	      976.      117.     -117.      296.    -2002.     3031.
ATM0	DATE41	    -1228.     -287.      287.      258.      895.     1203.
ATM0	DATE42	      828.     2334.    -2334.     2008.     -929.     1554.
ATM0	DATE43	     2596.     -392.      392.     2558.      733.       96.
ATM0	DATE44	     1503.      -46.       46.      266.    -2829.     3001.
ATM0	DATE45	      550.      622.     -622.      999.    -2868.     3359.
ATM0	DATE46	     8361.     1549.    -1549.     1144.    -1627.     1861.
ATM0	DATE47	    -1579.     -606.      606.        6.     1602.      639.
ATM0	DATE48	     8536.    -1049.     1049.     1874.     2914.      760.
ATM0	DATE49	     4189.      760.     -760.      336.      119.     1081.
ATM0	DATE50	     3788.     1047.    -1047.     2345.     -458.      590.
ATM0	DATE51	     3247.     -278.      278.     1330.     -609.     2178.
ATM0	DATE52	      931.      210.     -210.      350.     2373.      107.
ATM0	DATE53	     -902.     1646.    -1646.      728.     -394.     2896.
ATM0	DATE54	    -1266.     -948.      948.     1754.    -1203.     3400.
ATM0	DATE55	     2853.     1109.    -1109.      243.     1064.     1355.
ATM0	DATE56	    -1382.     1151.    -1151.      899.      738.      957.
ATM0	DATE57	      -41.     3170.    -3170.      636.    -1454.     1962.
ATM0	DATE58	       -8.     -937.      937.      391.      318.      789.
ATM0	DATE59	     2868.      184.     -184.      134.     1701.      121.
ATM0	DATE60	     2865.      885.     -885.      793.      240.     1034.
ATM0	DATE61	     3515.     1244.    -1244.      994.      961.     1090.
ATM0	DATE62	     -626.     1101.    -1101.      544.     -727.     1594.
ATM0	DATE63	     3368.     2853.    -2853.     2505.       -7.      961.
ATM0	DATE64	     1315.      -93.       93.      126.    -2717.     4620.
ATM0	DATE65	    10398.    -1260.     1260.      525.    -2683.     4278.
ATM0	DATE66	    -1056.     -863.      863.       47.      864.      962.
ATM0	DATE67	     1130.     -646.      646.      283.    -1529.     3638.
ATM0	DATE68	     1965.     2275.    -2275.      460.      -10.       17.
ATM0	DATE69	     1820.     1166.    -1166.     2755.     -637.     2312.
ATM0	DATE70	     2730.      873.     -873.       13.     -112.      723.
ATM0	DATE71	     3440.      331.     -331.       12.     -334.     1748.
ATM0	DATE72	     3391.     -333.      333.       90.    -1641.     3494.
ATM0	DATE73	     1931.      764.     -764.      224.     -538.     2281.
ATM0	DATE74	     2541.      842.     -842.      474.    -1090.     1754.
ATM0	DATE75	      -97.       95.      -95.      123.    -1086.     1738.
ATM0	DATE76	    -1363.      730.     -730.      592.     -386.     2302.
ATM0	DATE77	     3208.     2141.    -2141.      565.     -284.     2012.
ATM0	DATE78	     -407.      -65.       65.      601.      689.     1213.
ATM0	DATE79	     1038.    -1182.     1182.     2386.     1573.      239.
ATM0	DATE80	       -3.     -454.      454.      116.      221.     1922.
ATM0	DATE81	     5502.     -251.      251.     1206.      198.      916.
ATM0	DATE82	    -1121.    -1769.     1769.     1540.     1906.     2273.
ATM0	DATE83	     3215.      496.     -496.      146.    -3033.     3596.
ATM0	DATE84	    -1909.     -283.      283.      436.     -253.     2453.
ATM0	DATE85	     -744.    -2138.     2138.     1251.     1387.     2006.
ATM0	DATE86	     3221.      344.     -344.      105.      340.      835.
ATM0	DATE87	     1631.    -1509.     1509.     1120.      243.     1517.
ATM0	DATE88	     2158.     -835.      835.      129.     2688.      169.
ATM0	DATE89	     -103.      775.     -775.     1986.    -2387.     2825.
ATM0	DATE90	     1813.     2149.    -2149.      161.     -722.     1931.
ATM0	DATE91	     5550.      684.     -684.      176.     1463.      283.
ATM0	DATE92	     1901.     1533.    -1533.     1830.     1262.      330.
ATM0	DATE93	    -1969.    -1551.     1551.      472.     1080.     1776.
ATM0	DATE94	     2119.     1025.    -1025.      483.    -1463.     2512.
ATM0	DATE95	     1580.     -868.      868.      290.    -1550.     2860.
ATM0	DATE96	     3294.      631.     -631.     1581.     1435.       38.
ATM0	DATE97	      509.     -509.      509.     1410.      776.      388.
ATM0	DATE98	     2541.     -740.      740.     1876.     -611.     2420.
ATM0	DATE99	     7941.      370.     -370.     1323.    -1327.     2243.
ATM1	DATE0	       -5.      923.     -923.      637.    -1597.     1775.
ATM1	DATE1	      746.     2003.    -2003.     3530.     -267.      815.
ATM1	DATE2	     2032.     1968.    -1968.       86.     -447.     1317.
ATM1	DATE3	      992.     2343.    -2343.      806.    -3073.     3818.
ATM1	DATE4	    -1479.       80.      -80.     1465.     -847.     2624.
ATM1	DATE5	     1606.      -46.       46.     1352.    -1879.     2311.
ATM1	DATE6	    -2094.    -2085.     2085.       32.     1058.     1375.
ATM1	DATE7	     1379.      418.     -418.     1297.      688.       63.
ATM1	DATE8	    -2084.     2239.    -2239.       88.     1216.     1118.
ATM1	DATE9	     3650.     1067.    -1067.      881.    -2221.     2695.
ATM1	DATE10	     2529.     -205.      205.       21.     1546.      972.
ATM1	DATE11	     -697.    -1745.     1745.     2215.     -330.     2333.
ATM1	DATE12	    10528.     1501.    -1501.      303.    -3065.     3098.
ATM1	DATE13	     1127.     1007.    -1007.      787.      188.     2857.
ATM1	DATE14	     -540.     -288.      288.      916.    -1129.     1865.
ATM1	DATE15	    12625.     1468.    -1468.      471.    -1512.     2792.
ATM1	DATE16	    -1826.    -1359.     1359.      151.      -91.     2744.
ATM1	DATE17	     2973.     -472.      472.     2405.     2495.      864.
ATM1	DATE18	     4367.      973.     -973.      729.    -2997.     3898.
ATM1	DATE19	     1914.      439.     -439.     1742.      -19.     1111.
ATM1	DATE20	      744.     -714.      714.     2426.      177.      729.
ATM1	DATE21	     -274.    -1927.     1927.      525.     1780.      729.
ATM1	DATE22	     2551.    -1038.     1038.     2071.      389.     1690.
ATM1	DATE23	      225.      255.     -255.      623.    -2247.     2528.
ATM1	DATE24	    -1437.    -2153.     2153.       24.      907.     1773.
ATM1	DATE25	      -12.      757.     -757.      875.     1006.      936.
ATM1	DATE26	     -531.     -168.      168.     1390.     -852.     2453.
ATM1	DATE27	     2265.       -6.        6.      954.    -1096.     1267.
ATM1	DATE28	      701.      963.     -963.      561.    -1545.     2448.
ATM1	DATE29	     2647.     -548.      548.      934.      417.      320.
ATM1	DATE30	    -1425.    -2910.     2910.      143.    -1825.     4927.
ATM1	DATE31	      -70.      338.     -338.       31.      627.     2219.
ATM1	DATE32	     2647.     1345.    -1345.     2186.     -159.      793.
ATM1	DATE33	     2562.     2315.    -2315.      787.       41.     1582.
ATM1	DATE34	    -2294.      793.     -793.     4127.      -87.     2456.
ATM1	DATE35	     -122.       46.      -46.     4286.     -454.     1364.
ATM1	DATE36	     1861.     1068.    -1068.      516.    -2119.     2751.
ATM1	DATE37	    -1053.    -1247.     1247.     2925.      584.     1873.
ATM1	DATE38	       96.    -1065.     1065.     1589.    -1483.     2766.
ATM1	DATE39	     -931.    -1421.     1421.      506.      298.     1912.
ATM1	DATE40	     3045.     -808.      808.     1820.    -1396.     3907.
ATM1	DATE41	    -1785.    -1848.     1848.      145.      395.     1719.
ATM1	DATE42	     1325.     2532.    -2532.     2079.    -1705.     2626.
ATM1	DATE43	     3908.     1166.    -1166.       22.    -1232.     1666.
ATM1	DATE44	     -472.     -413.      413.     1003.     1162.      299.
ATM1	DATE45	     1627.      973.     -973.      506.    -1344.     1558.
ATM1	DATE46	      332.      735.     -735.      456.     -351.      694.
ATM1	DATE47	     2345.      786.     -786.      217.    -2862.     3654.
ATM1	DATE48	     -769.    -1194.     1194.      419.     1961.      395.
ATM1	DATE49	     5046.      131.     -131.       12.    -1353.     2158.
ATM1	DATE50	     7718.      618.     -618.      424.    -2500.     2734.
ATM1	DATE51	     1303.     1005.    -1005.      516.    -1913.     3228.
ATM1	DATE52	     8205.     -306.      306.      247.     -783.     2054.
ATM1	DATE53	    -2481.      515.     -515.     1250.     2740.      333.
ATM1	DATE54	    -1296.     -512.      512.     2249.      957.      786.
ATM1	DATE55	     6040.    -2291.     2291.      396.     2933.      896.
ATM1	DATE56	     1847.      992.     -992.      540.     -982.     1853.
ATM1	DATE57	     5690.    -2002.     2002.      234.     2053.      934.
ATM1	DATE58	    -1934.    -1748.     1748.       47.     -525.     2844.
ATM1	DATE59	      -24.     -861.      861.      484.     -755.     2017.
ATM1	DATE60	     2983.     -843.      843.     1499.    -1429.     2795.
ATM1	DATE61	     1430.     1463.    -1463.      586.    -1082.     1403.
ATM1	DATE62	     1793.      560.     -560.      303.     -896.     2654.
ATM1	DATE63	     1462.      969.     -969.     1251.      377.      722.
ATM1	DATE64	     7245.    -1110.     1110.     1130.      -58.     1281.
ATM1	DATE65	     1881.      230.     -230.      494.    -2589.     3338.
ATM1	DATE66	     -524.     -940.      940.      253.     -558.     2104.
ATM1	DATE67	     5486.    -2291.     2291.     2570.     1175.     2300.
ATM1	DATE68	     8406.     -148.      148.     1292.     1102.     1039.
ATM1	DATE69	     -897.    -1197.     1197.      275.     -610.     2469.
ATM1	DATE70	      513.     1631.    -1631.      365.      226.      212.
ATM1	DATE71	     4142.     1499.    -1499.     1539.     -238.      747.
ATM1	DATE72	     7583.     2150.    -2150.     2089.      328.     1302.
ATM1	DATE73	    11233.      199.     -199.     1134.     -727.     1549.
ATM1	DATE74	    -1635.    -1166.     1166.      166.      401.     1905.
ATM1	DATE75	       28.     2376.    -2376.      535.    -3345.     3593.
ATM1	DATE76	    -1800.       -1.        1.      695.     1959.      546.
ATM1	DATE77	     7025.     1257.    -1257.      669.    -1527.     3601.
ATM1	DATE78	    -1985.    -1407.     1407.     1319.     1861.      282.
ATM1	DATE79	     2857.     1295.    -1295.       38.    -2271.     2483.
ATM1	DATE80	     6608.     -672.      672.     1084.     1444.     1359.
ATM1	DATE81	     1905.      807.     -807.     1424.    -1590.     1845.
ATM1	DATE82	     3798.     -791.      791.     2813.     -912.     3074.
ATM1	DATE83	    -2014.      919.     -919.     2080.      -14.     2112.
ATM1	DATE84	     4157.      856.     -856.     1153.    -1920.     2376.
ATM1	DATE85	      302.     -861.      861.      619.     -287.     2437.
ATM1	DATE86	     -627.     -404.      404.      145.     -434.     1465.
ATM1	DATE87	     3218.      930.     -930.      494.    -1061.     1571.
ATM1	DATE88	     -949.     1790.    -1790.      355.     -896.     1865.
ATM1	DATE89	     1273.    -3273.     3273.     1684.     2086.     1324.
ATM1	DATE90	     2611.    -1753.     1753.      517.     1407.     2607.
ATM1	DATE91	      442.    -1451.     1451.       89.      630.     1092.
ATM1	DATE92	     5140.     1405.    -1405.      680.    -3245.     3986.
ATM1	DATE93	      483.     -776.      776.     1373.     -251.     1356.
ATM1	DATE94	     7100.     1010.    -1010.      942.    -1032.     2295.
ATM1	DATE95	     3647.     2002.    -2002.     1966.      -24.     1025.
ATM1	DATE96	     1902.     1096.    -1096.      566.      516.      687.
ATM1	DATE97	    -1388.      735.     -735.      701.     1612.      133.
ATM1	DATE98	     2198.    -1168.     1168.     1576.     2205.     1050.
ATM1	DATE99	     9726.     -407.      407.     1244.     -234.      871.
ATM2	DATE0	      391.     -329.      329.      842.    -1664.     3123.
ATM2	DATE1	     -366.    -2414.     2414.      256.      495.     1975.
ATM2	DATE2	    -2162.     -571.      571.      894.     2408.      928.
ATM2	DATE3	     -165.      279.     -279.     2115.    -1474.     2530.
ATM2	DATE4	    -2444.    -2393.     2393.      141.    -1744.     4217.
ATM2	DATE5	     -334.      463.     -463.       38.    -1134.     1845.
ATM2	DATE6	       -8.    -1438.     1438.     1997.       79.     1685.
ATM2	DATE7	      -98.     -568.      568.     1284.    -2938.     4215.
ATM2	DATE8	     6024.      -28.       28.     4230.      430.     1353.
ATM2	DATE9	     3118.    -1408.     1408.      609.      432.     1889.
ATM2	DATE10	    10007.     -894.      894.      394.     -884.     3753.
ATM2	DATE11	    -1663.      181.     -181.     4990.     2157.       27.
ATM2	DATE12	     5360.      281.     -281.     1243.     -265.     1660.
ATM2	DATE13	      750.     1684.    -1684.      200.    -3674.     3971.
ATM2	DATE14	      159.     1000.    -1000.      404.    -3079.     3507.
ATM2	DATE15	    -1908.     -828.      828.       41.      528.     1496.
ATM2	DATE16	     -395.      645.     -645.     1726.       -8.      799.
ATM2	DATE17	      268.     -458.      458.     1509.      123.     3005.
ATM2	DATE18	     -590.     -345.      345.      354.    -1261.     2707.
ATM2	DATE19	     -323.      913.     -913.      361.      843.      986.
ATM2	DATE20	    -3066.    -1207.     1207.       63.      -36.     3540.
ATM2	DATE21	    -1018.     -500.      500.      375.     1018.       43.
ATM2	DATE22	     4630.      558.     -558.     1335.    -1162.     2136.
ATM2	DATE23	    -1565.    -1955.     1955.      148.      608.     2646.
ATM2	DATE24	     2763.      823.     -823.      613.     -291.     1181.
ATM2	DATE25	     1538.    -1198.     1198.     1508.      -80.     1346.
ATM2	DATE26	    -1545.    -1219.     1219.     1690.    -2073.     3762.
ATM2	DATE27	     2175.     -193.      193.     2955.      265.      434.
ATM2	DATE28	     5551.     1324.    -1324.     1186.    -1081.     2072.
ATM2	DATE29	     3513.     1138.    -1138.     1490.    -1050.     1944.
ATM2	DATE30	    -2032.    -1016.     1016.      229.    -2023.     4298.
ATM2	DATE31	    -1051.     -371.      371.      342.     1255.     1719.
ATM2	DATE32	     1390.      504.     -504.     2473.     -657.     2439.
ATM2	DATE33	     2224.    -1829.     1829.     3809.      326.     2935.
ATM2	DATE34	     -861.     -610.      610.     1562.    -1755.     3960.
ATM2	DATE35	    11159.      615.     -615.      935.     -230.      395.
ATM2	DATE36	    -2368.    -2188.     2188.     2507.     1785.     1008.
ATM2	DATE37	     3306.      414.     -414.      908.     -129.     1494.
ATM2	DATE38	    -3160.    -1699.     1699.       59.     3207.      322.
ATM2	DATE39	     4078.    -1159.     1159.      374.     -868.     2686.
ATM2	DATE40	     3192.      126.     -126.      817.      468.     1175.
ATM2	DATE41	     1357.      312.     -312.     3102.     1125.      942.
ATM2	DATE42	     7757.     -361.      361.      592.     -403.     1028.
ATM2	DATE43	     1462.     -406.      406.      148.     1002.      300.
ATM2	DATE44	     5268.     1395.    -1395.     2336.      322.      987.
ATM2	DATE45	     1682.     -364.      364.       79.     -387.     1778.
ATM2	DATE46	     8496.     2546.    -2546.      741.    -2707.     3147.
ATM2	DATE47	     -642.     -128.      128.      646.     2952.       18.
ATM2	DATE48	     -815.      596.     -596.     1182.     1063.      185.
ATM2	DATE49	     -277.    -1373.     1373.     1383.      635.     1116.
ATM2	DATE50	     -213.     -110.      110.     1262.    -2663.     4328.
ATM2	DATE51	    -1153.    -1183.     1183.      815.      861.      427.
ATM2	DATE52	     4132.    -1473.     1473.      986.     1461.     1494.
ATM2	DATE53	    -1979.     -376.      376.     1814.      780.     2118.
ATM2	DATE54	     7401.      703.     -703.      357.    -1037.     2278.
ATM2	DATE55	    -1228.     -952.      952.     2980.      160.     2786.
ATM2	DATE56	     3980.       86.      -86.     3303.     3148.      392.
ATM2	DATE57	     1177.      788.     -788.     1996.     1228.      780.
ATM2	DATE58	     -970.      482.     -482.     1462.     -123.     1303.
ATM2	DATE59	     2483.      -66.       66.      721.     -437.     2257.
ATM2	DATE60	      858.     2087.    -2087.      744.      798.      647.
ATM2	DATE61	     2295.     2087.    -2087.      812.    -3166.     4069.
ATM2	DATE62	      702.      221.     -221.     3885.      -28.     1700.
ATM2	DATE63	     -671.     -790.      790.     1291.     -240.     2120.
ATM2	DATE64	     -529.      525.     -525.      718.    -1698.     2767.
ATM2	DATE65	      270.     -675.      675.      456.     -296.     1351.
ATM2	DATE66	      548.     -168.      168.     3061.      186.     1688.
ATM2	DATE67	     -962.     -421.      421.       98.      239.     1181.
ATM2	DATE68	     1071.    -1216.     1216.      637.    -1784.     3348.
ATM2	DATE69	    -2092.     -469.      469.     2255.      724.     1945.
ATM2	DATE70	     9269.    -1403.     1403.     2397.      592.     1304.
ATM2	DATE71	    -2454.    -1143.     1143.     1108.      919.     1782.
ATM2	DATE72	     2393.     2356.    -2356.      500.    -1883.     2006.
ATM2	DATE73	    -1441.     -247.      247.      982.    -1046.     2928.
ATM2	DATE74	     1398.      895.     -895.      150.     -836.     1568.
ATM2	DATE75	     8559.      619.     -619.      426.     -928.     1914.
ATM2	DATE76	     -742.    -1483.     1483.      261.     -193.     2269.
ATM2	DATE77	      278.     1231.    -1231.      113.    -1270.     1808.
ATM2	DATE78	    -1388.    -1334.     1334.     3635.      358.     1915.
ATM2	DATE79	     -920.     -173.      173.      649.      -43.     1287.
ATM2	DATE80	     1934.    -1277.     1277.      152.     -619.     2761.
ATM2	DATE81	    -1017.     -167.      167.      642.       41.     1271.
ATM2	DATE82	     -310.    -1145.     1145.     1188.     -900.     4137.
ATM2	DATE83	     1709.       59.      -59.      952.    -2724.     4232.
ATM2	DATE84	    -2026.    -1755.     1755.     1037.     -394.     3127.
ATM2	DATE85	     -252.      500.     -500.      535.       32.      536.
ATM2	DATE86	     1652.      122.     -122.      903.      805.     1479.
ATM2	DATE87	     4490.       98.      -98.      917.    -2255.     2495.
ATM2	DATE88	     4119.     2009.    -2009.       52.    -3067.     3806.
ATM2	DATE89	     2844.     2247.    -2247.      334.     -980.     1477.
ATM2	DATE90	     1015.     -877.      877.     1454.     -114.     2268.
ATM2	DATE91	     1956.     -843.      843.      804.    -1402.     3757.
ATM2	DATE92	     3462.     -475.      475.     3911.     -596.     1995.
ATM2	DATE93	     3457.     -215.      215.     1732.    -1016.     1575.
ATM2	DATE94	    -1267.    -1267.     1267.      212.     1241.     1341.
ATM2	DATE95	     1622.     -330.      330.       26.      818.     1154.
ATM2	DATE96	    -1435.    -1399.     1399.      128.     1290.      264.
ATM2	DATE97	     3265.    -2642.     2642.      534.     1783.     1115.
ATM2	DATE98	     3315.     -839.      839.     1924.     1881.       78.
ATM2	DATE99	    -1942.     -525.      525.     1860.     1342.     1166.
ATM3	DATE0	      820.    -1705.     1705.      441.      262.     2476.
ATM3	DATE1	     2468.     2443.    -2443.     1835.    -1099.     2110.
ATM3	DATE2	      790.    -1213.     1213.      342.      712.      976.
ATM3	DATE3	     -796.    -2269.     2269.     1381.     2482.     1081.
ATM3	DATE4	     2762.    -2003.     2003.     1740.     -314.     3568.
ATM3	DATE5	    -2117.     -298.      298.      177.    -1989.     4256.
ATM3	DATE6	    -2251.     -811.      811.     2250.      601.     1780.
ATM3	DATE7	    -1385.    -2409.     2409.     1430.     2141.      846.
ATM3	DATE8	     -246.      -84.       84.      892.       -7.     1536.
ATM3	DATE9	     2209.    -1879.     1879.       39.    -2238.     4286.
ATM3	DATE10	     -497.      733.     -733.      219.       75.     1179.
ATM3	DATE11	    -1006.     -802.      802.      352.     -534.     1597.
ATM3	DATE12	     -113.    -2054.     2054.     2239.     2068.     1400.
ATM3	DATE13	    -1154.      173.     -173.      436.    -1560.     2926.
ATM3	DATE14	      974.      767.     -767.     1062.      309.      820.
ATM3	DATE15	     -804.     1861.    -1861.      435.    -1906.     2734.
ATM3	DATE16	      484.    -1272.     1272.     1623.     1026.     1006.
ATM3	DATE17	    -1359.     -437.      437.       90.     2098.       82.
ATM3	DATE18	      399.      394.     -394.      912.    -2295.     3432.
ATM3	DATE19	     2315.     1683.    -1683.       90.      199.      101.
ATM3	DATE20	     1160.     -166.      166.      817.      213.      417.
ATM3	DATE21	     -288.      957.     -957.     2984.    -1606.     2390.
ATM3	DATE22	     2174.    -2816.     2816.      665.     2251.     1567.
ATM3	DATE23	     8182.      718.     -718.      629.      279.      224.
ATM3	DATE24	      696.    -1330.     1330.     1598.     1107.     1266.
ATM3	DATE25	    -1167.       76.      -76.      624.     -459.     2681.
ATM3	DATE26	      980.    -1968.     1968.       66.     2025.      877.
ATM3	DATE27	     -289.    -2065.     2065.      959.     2823.      694.
ATM3	DATE28	     5865.     2060.    -2060.      149.      911.      235.
ATM3	DATE29	    -1063.     -908.      908.     1385.     1063.      575.
ATM3	DATE30	     3730.     1811.    -1811.      374.     -826.     2921.
ATM3	DATE31	     2198.     -248.      248.      238.    -1684.     2134.
ATM3	DATE32	    -1958.     -617.      617.      538.     1362.     1663.
ATM3	DATE33	     -557.     1913.    -1913.     2094.     -573.     1583.
ATM3	DATE34	     2175.    -1441.     1441.      163.     2349.     1406.
ATM3	DATE35	    -1006.     -772.      772.       17.      702.     1262.
ATM3	DATE36	     1433.     3105.    -3105.     1519.    -1675.     2414.
ATM3	DATE37	     -710.     -388.      388.     1038.     1377.       95.
ATM3	DATE38	      679.     -924.      924.      246.      680.     1824.
ATM3	DATE39	    -2572.    -2326.     2326.      571.     2510.      171.
ATM3	DATE40	      767.     1483.    -1483.     2078.    -1810.     1942.
ATM3	DATE41	     1249.     -925.      925.      623.     1788.     1247.
ATM3	DATE42	     -363.     1878.    -1878.     2119.    -3042.     3433.
ATM3	DATE43	     4563.     -284.      284.      770.      283.     1364.
ATM3	DATE44	      -76.     -111.      111.     1427.     -525.     2275.
ATM3	DATE45	    -1183.      450.     -450.      674.    -2352.     3688.
ATM3	DATE46	      402.     -505.      505.     1017.    -1635.     2639.
ATM3	DATE47	     2531.      177.     -177.      151.     -138.     1124.
ATM3	DATE48	      174.    -1353.     1353.     2132.      742.     1616.
ATM3	DATE49	     -233.      482.     -482.     3077.      132.     1710.
ATM3	DATE50	     -135.      362.     -362.      902.     -569.     2118.
ATM3	DATE51	    -1933.        7.       -7.      793.      511.     2028.
ATM3	DATE52	    -1035.     -704.      704.      808.     1403.      817.
ATM3	DATE53	     3004.    -1195.     1195.      525.       40.     1948.
ATM3	DATE54	     5830.     1416.    -1416.      233.    -1220.     1776.
ATM3	DATE55	      375.     3718.    -3718.     1711.    -5566.     6204.
ATM3	DATE56	    -2539.    -2528.     2528.     4207.     1461.     1918.
ATM3	DATE57	      507.    -1309.     1309.      171.      619.     2186.
ATM3	DATE58	     -785.     -598.      598.      206.      116.     1215.
ATM3	DATE59	     2485.      410.     -410.       75.     -469.     1378.
ATM3	DATE60	     1566.     1203.    -1203.       53.    -1767.     3354.
ATM3	DATE61	      376.     1421.    -1421.     1224.     -888.     2637.
ATM3	DATE62	     3451.      560.     -560.      667.     -385.     1293.
ATM3	DATE63	     3219.    -1093.     1093.      247.     1298.      478.
ATM3	DATE64	     -437.     1208.    -1208.     1586.     -600.     1923.
ATM3	DATE65	     2013.     -825.      825.       77.    -2115.     3041.
ATM3	DATE66	     5804.     -557.      557.     3666.      -19.      987.
ATM3	DATE67	     -173.      -50.       50.      643.    -2589.     2840.
ATM3	DATE68	     -731.       27.      -27.      499.     -454.     2323.
ATM3	DATE69	     1178.      900.     -900.      284.      248.     1095.
ATM3	DATE70	      306.      683.     -683.      152.    -2588.     3465.
ATM3	DATE71	    -1916.     1734.    -1734.      911.       69.     2395.
ATM3	DATE72	     2246.      364.     -364.      515.      408.     1318.
ATM3	DATE73	     -874.    -1956.     1956.      611.     2179.     1899.
ATM3	DATE74	     3740.      896.     -896.      652.     -803.     1950.
ATM3	DATE75	     -813.    -1012.     1012.     1008.     -698.     2298.
ATM3	DATE76	     -646.     -616.      616.      364.      134.     1409.
ATM3	DATE77	     2146.      477.     -477.      555.     -666.     2321.
ATM3	DATE78	     1279.    -2226.     2226.      583.     -354.     3144.
ATM3	DATE79	     1914.      575.     -575.     3622.    -2203.     2650.
ATM3	DATE80	     -484.      850.     -850.     1821.      518.     1717.
ATM3	DATE81	      909.    -1622.     1622.      361.      647.     1558.
ATM3	DATE82	     4230.    -2012.     2012.      141.     1714.      531.
ATM3	DATE83	     -762.     1639.    -1639.      692.    -2435.     4071.
ATM3	DATE84	     7941.    -1173.     1173.     2658.      890.      808.
ATM3	DATE85	     3193.      929.     -929.      230.     -208.      618.
ATM3	DATE86	      214.      803.     -803.      292.    -2783.     3384.
ATM3	DATE87	     -461.      477.     -477.      804.     -868.     1825.
ATM3	DATE88	      -30.    -1156.     1156.      542.     2004.     1269.
ATM3	DATE89	      348.     1164.    -1164.     1634.     -897.     2616.
ATM3	DATE90	      781.     1483.    -1483.     2232.      501.     1391.
ATM3	DATE91	    -2007.    -1410.     1410.      931.     1522.      533.
ATM3	DATE92	     1969.     2926.    -2926.      186.     -647.      840.
ATM3	DATE93	    10463.     2613.    -2613.      972.    -2156.     2294.
ATM3	DATE94	    -2463.    -2827.     2827.      585.       64.     2825.
ATM3	DATE95	    -1578.      493.     -493.      367.     1242.     1311.
ATM3	DATE96	     5205.       75.      -75.     1026.     -508.     1744.
ATM3	DATE97	     1843.     2361.    -2361.     1782.    -3852.     4312.
ATM3	DATE98	     1662.    -2153.     2153.     1122.      422.     2726.
ATM3	DATE99	     3620.     2964.    -2964.     1175.    -1625.     1867.
ATM4	DATE0	     -264.     1205.    -1205.      106.    -1080.     2419.
ATM4	DATE1	     -606.      142.     -142.      618.      164.     2754.
ATM4	DATE2	     3807.      191.     -191.     1482.    -2976.     3157.
ATM4	DATE3	      -76.     1662.    -1662.      408.      575.      394.
ATM4	DATE4	       -3.     1188.    -1188.     1414.    -2721.     3302.
ATM4	DATE5	      660.     -595.      595.      453.    -2141.     3616.
ATM4	DATE6	     4053.     -952.      952.      385.     3040.      121.
ATM4	DATE7	     -155.      -48.       48.     1218.      721.     1537.
ATM4	DATE8	      800.      188.     -188.     1239.    -2041.     2826.
ATM4	DATE9	     2166.     -286.      286.      777.     -256.     1709.
ATM4	DATE10	    -1889.       30.      -30.      302.     2084.     1335.
ATM4	DATE11	    -1030.     -467.      467.     2582.     -877.     2704.
ATM4	DATE12	    -1619.    -1574.     1574.      227.     1860.     1301.
ATM4	DATE13	     3481.      946.     -946.      158.      414.     1760.
ATM4	DATE14	     -946.     1802.    -1802.       76.    -1828.     2986.
ATM4	DATE15	     6104.     -538.      538.     1439.      120.      896.
ATM4	DATE16	     2036.     2197.    -2197.      107.      725.      954.
ATM4	DATE17	      786.     1536.    -1536.     1132.     1281.      446.
ATM4	DATE18	      675.     -912.      912.      635.      726.      893.
ATM4	DATE19	     3052.      -63.       63.     1534.     -146.     1578.
ATM4	DATE20	      813.      903.     -903.       62.    -1386.     2026.
ATM4	DATE21	      373.     2133.    -2133.      415.     -625.      841.
ATM4	DATE22	     2232.      570.     -570.      682.    -4364.     4497.
ATM4	DATE23	      552.      -43.       43.      824.      124.       94.
ATM4	DATE24	     2128.     1510.    -1510.     1753.    -2325.     2529.
ATM4	DATE25	     2600.    -1606.     1606.      487.    -1733.     4239.
ATM4	DATE26	     1860.      -81.       81.     1141.     -292.     1356.
ATM4	DATE27	    -2362.    -1428.     1428.      514.     1927.     1775.
ATM4	DATE28	     3259.      559.     -559.      662.    -1711.     2320.
ATM4	DATE29	     2338.     -127.      127.     4906.     -713.      971.
ATM4	DATE30	      169.      660.     -660.      906.    -2825.     4068.
ATM4	DATE31	     4774.     -725.      725.      773.     1032.     1138.
ATM4	DATE32	      539.     -364.      364.       18.     1267.      252.
ATM4	DATE33	      375.     -995.      995.     1795.    -2767.     4467.
ATM4	DATE34	      182.      165.     -165.       27.       26.      643.
ATM4	DATE35	    -1856.      214.     -214.      201.    -1322.     3193.
ATM4	DATE36	     5974.    -1040.     1040.     1831.      294.     2863.
ATM4	DATE37	    -1652.    -2071.     2071.     3749.     -165.     2923.
ATM4	DATE38	     1056.     2984.    -2984.      886.    -1049.     1907.
ATM4	DATE39	     -970.    -3447.     3447.      248.     3837.       59.
ATM4	DATE40	     -282.      764.     -764.      273.      665.      994.
ATM4	DATE41	     1788.     2869.    -2869.      222.      350.     1034.
ATM4	DATE42	     3809.     1104.    -1104.     1530.    -1706.     2299.
ATM4	DATE43	     3680.     -954.      954.     1903.      139.     1507.
ATM4	DATE44	     4211.      671.     -671.      333.      -54.      538.
ATM4	DATE45	       45.     -194.      194.      526.      624.     1199.
ATM4	DATE46	     2845.     -570.      570.     1580.      864.     1191.
ATM4	DATE47	      477.      378.     -378.      510.    -3322.     4613.
ATM4	DATE48	     2724.    -2535.     2535.      716.     1509.     1303.
ATM4	DATE49	    -1768.     -808.      808.      169.      590.     2105.
ATM4	DATE50	     3372.     -236.      236.     1358.      461.     1289.
ATM4	DATE51	     1138.      460.     -460.     1160.    -2337.     3779.
ATM4	DATE52	     3072.     1475.    -1475.      687.      107.      271.
ATM4	DATE53	      313.     -401.      401.     5892.     -662.     1642.
ATM4	DATE54	    -1095.       67.      -67.     1988.       94.     1263.
ATM4	DATE55	     1948.    -1073.     1073.     2492.      832.      910.
ATM4	DATE56	     1330.     1378.    -1378.     1199.     -876.     1856.
ATM4	DATE57	     6687.      341.     -341.      291.      144.      549.
ATM4	DATE58	     -522.      130.     -130.     1672.      957.     1283.
ATM4	DATE59	     3327.     1436.    -1436.     1760.     -361.     1125.
ATM4	DATE60	    -3203.    -1379.     1379.     2180.     2041.     1506.
ATM4	DATE61	     -144.     1928.    -1928.     4606.     -417.      879.
ATM4	DATE62	     6064.      725.     -725.     1785.    -1848.     2456.
ATM4	DATE63	     1413.    -1438.     1438.     2407.      -14.     1566.
ATM4	DATE64	      476.       45.      -45.      325.     1667.      243.
ATM4	DATE65	     7733.     -735.      735.      450.    -1241.     3048.
ATM4	DATE66	     2402.      592.     -592.      882.     -634.     1767.
ATM4	DATE67	    -2902.    -3437.     3437.     2496.     1852.     2226.
ATM4	DATE68	     -718.    -2237.     2237.     1751.      510.     2272.
ATM4	DATE69	     4805.      618.     -618.      597.    -2232.     2451.
ATM4	DATE70	     5208.     1945.    -1945.      479.    -2083.     3029.
ATM4	DATE71	    -2234.     -652.      652.      246.     3140.      245.
ATM4	DATE72	      247.      313.     -313.      169.     -179.     1202.
ATM4	DATE73	     2040.     2036.    -2036.     1819.     -579.     1596.
ATM4	DATE74	     1408.      466.     -466.     1065.       -1.     1229.
ATM4	DATE75	     2583.     -391.      391.      896.     1606.       66.
ATM4	DATE76	     2585.    -1950.     1950.      827.      688.     1567.
ATM4	DATE77	     1640.      123.     -123.       98.      180.     1449.
ATM4	DATE78	    -1743.     -171.      171.      127.     1488.     1416.
ATM4	DATE79	     -532.     -940.      940.      996.        3.     2734.
ATM4	DATE80	     2351.     2449.    -2449.       83.    -1018.     2732.
ATM4	DATE81	     5392.     1148.    -1148.       17.     -451.      638.
ATM4	DATE82	    10231.      223.     -223.      633.    -1096.     2918.
ATM4	DATE83	     4942.      -98.       98.     1013.    -1031.     1584.
ATM4	DATE84	      632.      594.     -594.     1308.    -1927.     2583.
ATM4	DATE85	     -606.     1221.    -1221.      367.      315.      530.
ATM4	DATE86	     1032.      309.     -309.     2621.     1933.       30.
ATM4	DATE87	     2500.      799.     -799.      429.     -537.     2217.
ATM4	DATE88	    -1003.    -2101.     2101.     2519.     2703.      559.
ATM4	DATE89	      366.    -3151.     3151.     4167.     -794.     4164.
ATM4	DATE90	     -282.      959.     -959.     1161.    -2462.     3348.
ATM4	DATE91	     6771.     1209.    -1209.      248.     -824.      873.
ATM4	DATE92	     -297.     -470.      470.     1655.     -695.     1948.
ATM4	DATE93	      788.     -809.      809.     1486.     2415.      620.
ATM4	DATE94	    -2217.    -1386.     1386.     3309.      340.     1906.
ATM4	DATE95	     3917.     -797.      797.     1386.    -1013.     2793.
ATM4	DATE96	    -1552.    -1239.     1239.      887.     1361.     1341.
ATM4	DATE97	      -76.     1276.    -1276.     3335.      401.      127.
ATM4	DATE98	     -495.     -352.      352.      754.     1274.      623.
ATM4	DATE99	     1815.     2756.    -2756.       21.      -29.     1639.
ATM5	DATE0	      116.    -1402.     1402.     2379.     1470.      805.
ATM5	DATE1	     -201.       68.      -68.      420.      315.     1369.
ATM5	DATE2	     7103.      229.     -229.      313.    -3063.     3589.
ATM5	DATE3	     2487.     1692.    -1692.      610.    -3601.     5205.
ATM5	DATE4	     5189.      181.     -181.     1129.     1094.      497.
ATM5	DATE5	     2972.      -57.       57.      133.     1443.      713.
ATM5	DATE6	      892.      861.     -861.     4487.      151.     1556.
ATM5	DATE7	    -1148.      385.     -385.     2223.      -33.     1237.
ATM5	DATE8	      122.      828.     -828.     2703.     -873.     2098.
ATM5	DATE9	    -3001.    -3527.     3527.      263.     1898.     1690.
ATM5	DATE10	     1057.      225.     -225.      676.      543.     1174.
ATM5	DATE11	     1439.      355.     -355.      665.    -3169.     3721.
ATM5	DATE12	     4520.     -824.      824.        2.     1468.      526.
ATM5	DATE13	     -970.     2082.    -2082.     1737.    -1398.     3287.
ATM5	DATE14	     2415.     -301.      301.      382.    -1699.     3182.
ATM5	DATE15	    -3026.    -3177.     3177.      841.     2677.      728.
ATM5	DATE16	     -611.    -2162.     2162.      446.     2119.      278.
ATM5	DATE17	     9345.    -1323.     1323.      109.     -685.     2221.
ATM5	DATE18	     2398.      611.     -611.       72.      411.     1590.
ATM5	DATE19	     3986.     2825.    -2825.      885.    -1466.     1517.
ATM5	DATE20	     -375.     2223.    -2223.     1868.     -626.     1256.
ATM5	DATE21	     1701.      487.     -487.      430.    -1662.     3235.
ATM5	DATE22	      879.      731.     -731.     1563.    -2586.     2701.
ATM5	DATE23	     5439.     1566.    -1566.       22.     -275.     1016.
ATM5	DATE24	     2507.       77.      -77.        4.       34.      877.
ATM5	DATE25	     -601.      475.     -475.     1103.      160.     1171.
ATM5	DATE26	      452.      264.     -264.      303.    -2166.     2387.
ATM5	DATE27	    -1574.     -935.      935.     2219.    -3223.     5039.
ATM5	DATE28	       99.    -1571.     1571.     1662.      409.     1472.
ATM5	DATE29	     1097.      601.     -601.      994.    -1123.     3521.
ATM5	DATE30	     7682.     1567.    -1567.      987.     -583.     1097.
ATM5	DATE31	     5767.     -577.      577.       84.      308.     1424.
ATM5	DATE32	     2987.    -1800.     1800.      317.     1521.     1550.
ATM5	DATE33	     4510.     -538.      538.     1249.      211.     1257.
ATM5	DATE34	     2776.       61.      -61.     1032.      860.      454.
ATM5	DATE35	     5651.     1237.    -1237.     3568.    -2046.     2138.
ATM5	DATE36	     2627.     -816.      816.     1144.      670.     1143.
ATM5	DATE37	    -2867.    -1399.     1399.     1603.     -769.     3661.
ATM5	DATE38	      123.     1717.    -1717.      954.    -1440.     1487.
ATM5	DATE39	      942.     2673.    -2673.      941.     -170.      375.
ATM5	DATE40	     -961.    -1445.     1445.     1176.     2294.      774.
ATM5	DATE41	     2262.      248.     -248.     1770.    -1516.     1863.
ATM5	DATE42	     3922.     -370.      370.     2331.    -2162.     3009.
ATM5	DATE43	     -685.      428.     -428.     1407.     1482.      736.
ATM5	DATE44	     -550.     -378.      378.      930.     -463.     1901.
ATM5	DATE45	     2034.      703.     -703.      512.    -2126.     3274.
ATM5	DATE46	     1782.     1179.    -1179.     3406.    -1313.     1833.
ATM5	DATE47	    -2988.    -2335.     2335.     1115.     2236.     1023.
ATM5	DATE48	     -887.      850.     -850.      659.    -3061.     4051.
ATM5	DATE49	     1950.      820.     -820.      884.      483.      623.
ATM5	DATE50	      512.     1325.    -1325.      121.    -3505.     3916.
ATM5	DATE51	     -202.     2378.    -2378.       17.    -1890.     2738.
ATM5	DATE52	     2812.      -69.       69.      300.     -715.     1619.
ATM5	DATE53	      855.      242.     -242.      221.    -1182.     1435.
ATM5	DATE54	     -838.      229.     -229.      460.     -266.     2134.
ATM5	DATE55	      548.     -675.      675.      775.     -871.     2824.
ATM5	DATE56	     3046.     1861.    -1861.      567.    -5021.     5053.
ATM5	DATE57	    -1302.     1174.    -1174.      662.     -561.     2286.
ATM5	DATE58	     -583.      329.     -329.      932.      352.      774.
ATM5	DATE59	      587.     -111.      111.     1000.      953.     1427.
ATM5	DATE60	      427.     2067.    -2067.     2304.    -2228.     2399.
ATM5	DATE61	     2200.    -1755.     1755.      284.      266.     2092.
ATM5	DATE62	     9017.      -93.       93.     1253.     1362.     1331.
ATM5	DATE63	     4512.    -1868.     1868.      739.    -1415.     3756.
ATM5	DATE64	      622.     -914.      914.     2942.      699.     1526.
ATM5	DATE65	    -1528.     -466.      466.      606.     -190.     2015.
ATM5	DATE66	       64.     1312.    -1312.      338.    -1239.     1343.
ATM5	DATE67	      714.     -271.      271.     1887.      860.     2503.
ATM5	DATE68	    -1393.    -1068.     1068.      210.      252.     1794.
ATM5	DATE69	      535.      268.     -268.     1263.    -1107.     1274.
ATM5	DATE70	    -3044.     -842.      842.     1541.      704.     2676.
ATM5	DATE71	    -2327.    -2073.     2073.      622.      311.     3808.
ATM5	DATE72	     2554.    -2200.     2200.      136.     1516.     1256.
ATM5	DATE73	    -2025.    -2628.     2628.      762.     1580.     1254.
ATM5	DATE74	     1698.     -550.      550.      729.     -106.     1951.
ATM5	DATE75	      855.     1189.    -1189.      911.    -3873.     4321.
ATM5	DATE76	     -464.     -595.      595.      546.    -2486.     3232.
ATM5	DATE77	     4343.      320.     -320.     1759.     1470.     1168.
ATM5	DATE78	     3019.      382.     -382.      253.     -439.     1433.
ATM5	DATE79	    -1993.     -293.      293.      505.     1846.      716.
ATM5	DATE80	    -1102.    -1808.     1808.     1071.     2773.       60.
ATM5	DATE81	     4247.     1164.    -1164.       71.      109.      985.
ATM5	DATE82	    -2856.    -2687.     2687.     3093.    -1781.     4746.
ATM5	DATE83	     2847.     -905.      905.      385.     -595.     1807.
ATM5	DATE84	     4261.     2694.    -2694.      110.    -1186.     2221.
ATM5	DATE85	     9638.    -1624.     1624.     1540.     1888.      524.
ATM5	DATE86	     7247.     -289.      289.      557.    -1628.     2453.
ATM5	DATE87	     4836.    -1377.     1377.     2675.     1799.      421.
ATM5	DATE88	     -462.    -1884.     1884.      606.      706.     1848.
ATM5	DATE89	    -1540.    -2452.     2452.      339.     1863.     1476.
ATM5	DATE90	     -169.    -1756.     1756.      375.     -929.     3529.
ATM5	DATE91	     1733.     2126.    -2126.       66.     -674.      780.
ATM5	DATE92	     -499.     -553.      553.      368.     -922.     2259.
ATM5	DATE93	     3747.    -3138.     3138.      140.      787.     2411.
ATM5	DATE94	     5542.      777.     -777.      424.     -409.     1616.
ATM5	DATE95	     1916.     1930.    -1930.      149.     1875.      454.
ATM5	DATE96	     3735.     1038.    -1038.      566.    -1838.     2065.
ATM5	DATE97	    11164.     1207.    -1207.      799.    -1358.     1903.
ATM5	DATE98	     -867.    -2417.     2417.      152.    -2190.     5186.
ATM5	DATE99	       52.     -122.      122.      182.    -1203.     2970.
ATM6	DATE0	     1705.    -1057.     1057.       58.     -654.     3544.
ATM6	DATE1	    -1074.    -2407.     2407.     2443.      346.     3008.
ATM6	DATE2	      947.     -877.      877.     2883.      939.      954.
ATM6	DATE3	     -260.    -2436.     2436.      323.    -1630.     4415.
ATM6	DATE4	     8406.      471.     -471.     1331.     -176.     2224.
ATM6	DATE5	     1396.     -495.      495.     1082.      734.     1151.
ATM6	DATE6	     2004.    -1598.     1598.     1381.     1009.      817.
ATM6	DATE7	     1704.    -1020.     1020.     2608.     1663.       51.
ATM6	DATE8	    -1535.    -1059.     1059.      103.      176.     1417.
ATM6	DATE9	      788.    -2151.     2151.      937.     1527.      724.
ATM6	DATE10	    -1335.    -1502.     1502.     1397.      397.     2055.
ATM6	DATE11	     2227.      578.     -578.      180.      789.       14.
ATM6	DATE12	    -2181.    -2493.     2493.      377.      633.     2489.
ATM6	DATE13	     4086.     -209.      209.     1627.     1128.      678.
ATM6	DATE14	     8660.     1153.    -1153.      528.    -1337.     1964.
ATM6	DATE15	     -530.      288.     -288.     4659.    -4202.     5589.
ATM6	DATE16	     -933.     -908.      908.      737.     -517.     3390.
ATM6	DATE17	     3068.      237.     -237.     1134.    -1738.     1922.
ATM6	DATE18	    -2046.     -325.      325.      500.     1137.      981.
ATM6	DATE19	     6023.      833.     -833.     4041.     -459.     1536.
ATM6	DATE20	    -1277.     -597.      597.     1007.    -2627.     4838.
ATM6	DATE21	     -182.    -2533.     2533.     1195.     1339.     1659.
ATM6	DATE22	     7343.     -836.      836.     1418.     -912.     2616.
ATM6	DATE23	     1692.     3098.    -3098.       77.     -478.     1551.
ATM6	DATE24	    -1392.      704.     -704.     2377.     -383.     2635.
ATM6	DATE25	     -294.     1874.    -1874.      801.     -262.     1666.
ATM6	DATE26	     -226.     -712.      712.      158.     -488.     2558.
ATM6	DATE27	     4475.       19.      -19.       86.     -190.     1599.
ATM6	DATE28	    -1333.     1143.    -1143.      117.     1671.       22.
ATM6	DATE29	     7236.      457.     -457.     1128.      695.      596.
ATM6	DATE30	     1283.    -1279.     1279.      902.      708.     1231.
ATM6	DATE31	    -2980.    -1080.     1080.      419.       49.     3561.
ATM6	DATE32	     2410.     -313.      313.      953.     -379.     1913.
ATM6	DATE33	     -537.      202.     -202.      397.     -959.     1915.
ATM6	DATE34	      -80.        7.       -7.      810.    -2766.     3911.
ATM6	DATE35	      548.     -829.      829.     2162.       69.     1479.
ATM6	DATE36	     3276.        9.       -9.      171.    -2727.     3757.
ATM6	DATE37	      953.      213.     -213.      753.     -109.     1257.
ATM6	DATE38	     -179.    -2001.     2001.     1207.      799.     1744.
ATM6	DATE39	     -262.     2014.    -2014.       51.    -1645.     2824.
ATM6	DATE40	     -436.       36.      -36.     1798.       -9.     1377.
ATM6	DATE41	     1849.      340.     -340.       59.    -2565.     3447.
ATM6	DATE42	     4677.     -678.      678.      633.     -141.     2612.
ATM6	DATE43	     1882.     3186.    -3186.       32.     -802.     1157.
ATM6	DATE44	      396.     -896.      896.        2.    -2058.     3277.
ATM6	DATE45	     -512.     2352.    -2352.     1932.     -643.     1244.
ATM6	DATE46	     1391.      -58.       58.     1983.     -455.     2491.
ATM6	DATE47	     1136.     1875.    -1875.      974.    -3696.     3880.
ATM6	DATE48	     4673.      297.     -297.     1112.    -1382.     1876.
ATM6	DATE49	     2592.      713.     -713.     2546.    -2332.     2932.
ATM6	DATE50	      217.     1756.    -1756.      150.    -1143.     1559.
ATM6	DATE51	    -2278.    -1830.     1830.      104.      979.     1682.
ATM6	DATE52	     1862.     1725.    -1725.      889.    -3499.     4395.
ATM6	DATE53	    -1341.      802.     -802.      462.     -166.     1708.
ATM6	DATE54	    -1892.    -3152.     3152.      264.     1937.     1566.
ATM6	DATE55	     2841.      221.     -221.     1297.     -197.     1907.
ATM6	DATE56	     3901.     2488.    -2488.      102.     -297.     1996.
ATM6	DATE57	     3041.     1548.    -1548.     4357.    -2436.     2698.
ATM6	DATE58	      516.       72.      -72.       89.      750.      691.
ATM6	DATE59	     6990.      217.     -217.     1336.    -1055.     2359.
ATM6	DATE60	      231.    -1183.     1183.      121.      -48.     2715.
ATM6	DATE61	      489.    -2792.     2792.      523.     -358.     3553.
ATM6	DATE62	     2395.     1187.    -1187.     1219.    -3245.     3611.
ATM6	DATE63	    -2231.       44.      -44.      585.     1658.      796.
ATM6	DATE64	     4150.     1821.    -1821.     2028.    -1610.     2036.
ATM6	DATE65	     4054.     -330.      330.     1272.      806.     1374.
ATM6	DATE66	    -2608.    -1580.     1580.      417.     1068.     1621.
ATM6	DATE67	    -1732.       77.      -77.     1268.      453.     1611.
ATM6	DATE68	      740.     1441.    -1441.      131.    -1786.     3386.
ATM6	DATE69	    12848.      220.     -220.      833.     2331.      691.
ATM6	DATE70	    -1508.     -733.      733.      750.    -2195.     3939.
ATM6	DATE71	     2456.     1152.    -1152.     2214.     1300.     1065.
ATM6	DATE72	    -1670.       86.      -86.     1414.     -720.     2691.
ATM6	DATE73	    -1015.       14.      -14.       33.     -628.     3722.
ATM6	DATE74	    -2208.    -2083.     2083.     1225.     2030.      500.
ATM6	DATE75	     2772.     3239.    -3239.     1790.      403.      408.
ATM6	DATE76	     -181.     1603.    -1603.     1244.      691.     1841.
ATM6	DATE77	     1389.    -1941.     1941.      421.     1446.     1181.
ATM6	DATE78	    -1641.     -631.      631.     2299.     2821.      113.
ATM6	DATE79	     -419.     2171.    -2171.      495.    -2067.     2952.
ATM6	DATE80	    -2100.    -1384.     1384.     4140.     1650.      838.
ATM6	DATE81	      686.     1569.    -1569.     1105.    -4330.     4745.
ATM6	DATE82	      206.     -545.      545.      398.      284.     2006.
ATM6	DATE83	     2424.      504.     -504.      879.      398.      442.
ATM6	DATE84	      204.      442.     -442.      789.     -211.     1696.
ATM6	DATE85	      959.    -3137.     3137.      162.     -402.     3585.
ATM6	DATE86	    -2824.    -3465.     3465.      784.     1550.     2268.
ATM6	DATE87	     -396.      729.     -729.      156.      496.     1061.
ATM6	DATE88	     5667.     -786.      786.     1288.     1096.       21.
ATM6	DATE89	     7759.    -1206.     1206.      291.    -1175.     2817.
ATM6	DATE90	     1569.      976.     -976.     1874.    -1202.     1819.
ATM6	DATE91	     4169.     -351.      351.      491.     -965.     3273.
ATM6	DATE92	     -504.    -1418.     1418.     2034.     -716.     2490.
ATM6	DATE93	    -2031.    -1355.     1355.     1465.      480.     1742.
ATM6	DATE94	     5060.     -372.      372.      435.    -3158.     5286.
ATM6	DATE95	      602.      620.     -620.      749.     1419.      237.
ATM6	DATE96	      271.     1274.    -1274.      696.       62.      486.
ATM6	DATE97	    -2034.    -1645.     1645.     1875.     2176.      808.
ATM6	DATE98	     -540.       39.      -39.     2863.      443.      285.
ATM6	DATE99	     2466.      371.     -371.      294.    -1516.     3657.
ATM7	DATE0	     -112.      618.     -618.      115.    -1405.     2034.
ATM7	DATE1	     1277.      578.     -578.     1248.    -1515.     1791.
ATM7	DATE2	     1433.     -772.      772.        9.     1142.      246.
ATM7	DATE3	     2565.      392.     -392.      226.     -970.     1939.
ATM7	DATE4	     -303.    -1665.     1665.      181.      244.     1754.
ATM7	DATE5	     -264.    -1894.     1894.      801.     1489.      675.
ATM7	DATE6	     9667.     -786.      786.      247.      680.      256.
ATM7	DATE7	      258.     -754.      754.      140.    -1469.     2876.
ATM7	DATE8	     5657.     -704.      704.      876.     1026.      837.
ATM7	DATE9	     -253.      731.     -731.      200.      755.       14.
ATM7	DATE10	    -2430.    -1042.     1042.      744.     -442.     2997.
ATM7	DATE11	     6002.     1114.    -1114.     1026.      808.      139.
ATM7	DATE12	     4256.      821.     -821.     1613.    -3121.     3768.
ATM7	DATE13	      741.     -178.      178.      237.    -1066.     1650.
ATM7	DATE14	      160.     1107.    -1107.      677.     -733.     1404.
ATM7	DATE15	     2979.     3909.    -3909.     1081.      769.       30.
ATM7	DATE16	    -1053.     -379.      379.      163.     1192.     1028.
ATM7	DATE17	     4024.    -2053.     2053.     3185.     2204.      469.
ATM7	DATE18	     6150.      166.     -166.      664.    -4791.     5326.
ATM7	DATE19	    -1358.     -776.      776.      541.       64.     2123.
ATM7	DATE20	     1300.     1054.    -1054.      695.     -849.     2095.
ATM7	DATE21	    -1539.     1602.    -1602.       43.      -37.     2235.
ATM7	DATE22	    -1389.     1629.    -1629.      878.      125.     1296.
ATM7	DATE23	      811.      642.     -642.      313.      521.      184.
ATM7	DATE24	     5232.     1440.    -1440.     1572.      367.      934.
ATM7	DATE25	      359.    -1933.     1933.     1464.     -903.     3445.
ATM7	DATE26	     4271.      895.     -895.     1074.    -2407.     3975.
ATM7	DATE27	     1490.      622.     -622.      880.     -615.     1429.
ATM7	DATE28	      358.     -281.      281.      798.    -1063.     1521.
ATM7	DATE29	     7328.      477.     -477.      534.      130.     1007.
ATM7	DATE30	    -2733.    -1837.     1837.     7177.     2669.      216.
ATM7	DATE31	    -2536.    -1777.     1777.      278.     2308.      620.
ATM7	DATE32	      260.    -1413.     1413.      904.     1181.     1108.
ATM7	DATE33	     -698.     -340.      340.      487.     -504.     2554.
ATM7	DATE34	     1213.      666.     -666.     1581.    -1379.     1726.
ATM7	DATE35	     -864.     -887.      887.      413.     -165.     1361.
ATM7	DATE36	     1308.      -95.       95.      526.      829.     1013.
ATM7	DATE37	     3543.    -1297.     1297.      100.      971.      557.
ATM7	DATE38	     4355.     2247.    -2247.      423.       91.      156.
ATM7	DATE39	     -703.    -1874.     1874.      348.     1540.     1679.
ATM7	DATE40	     3300.    -1057.     1057.      925.     1422.     1845.
ATM7	DATE41	    -1718.       54.      -54.      188.      468.     1427.
ATM7	DATE42	     1923.    -1544.     1544.     2274.     1628.     1319.
ATM7	DATE43	     1872.      859.     -859.      844.    -1090.     1202.
ATM7	DATE44	     6056.     1097.    -1097.      693.    -1775.     2360.
ATM7	DATE45	    -1407.     -612.      612.      125.    -1249.     4004.
ATM7	DATE46	      -73.     -201.      201.     1036.     -339.     1752.
ATM7	DATE47	     7818.      786.     -786.     1611.     -364.     1048.
ATM7	DATE48	     2716.     2933.    -2933.      971.    -2106.     2144.
ATM7	DATE49	     -417.    -1347.     1347.     2076.     -332.     2365.
ATM7	DATE50	    -2374.    -1765.     1765.     1818.     1807.      970.
ATM7	DATE51	     -907.      624.     -624.     2093.      413.     1718.
ATM7	DATE52	      153.     2132.    -2132.       15.    -1101.     1676.
ATM7	DATE53	    -2451.    -2901.     2901.      637.     2456.     1216.
ATM7	DATE54	     5610.    -3795.     3795.      202.     1986.     2075.
ATM7	DATE55	     5463.     1895.    -1895.     1028.    -2712.     3290.
ATM7	DATE56	     2667.     2507.    -2507.     1738.     -595.     1289.
ATM7	DATE57	     -117.     2122.    -2122.      171.     1339.      172.
ATM7	DATE58	       82.     -754.      754.       66.      656.     1467.
ATM7	DATE59	     2010.    -1008.     1008.     1263.    -2483.     4424.
ATM7	DATE60	     -576.    -1168.     1168.      469.      755.     2562.
ATM7	DATE61	     -775.    -1121.     1121.      761.    -1786.     4989.
ATM7	DATE62	     1019.     -164.      164.     1126.    -1008.     1218.
ATM7	DATE63	    -2460.     -189.      189.      647.      506.     2044.
ATM7	DATE64	     1114.    -1007.     1007.     1127.      -53.     2042.
ATM7	DATE65	     1795.    -1091.     1091.      788.     -932.     2551.
ATM7	DATE66	     -207.    -1875.     1875.      115.      248.     1939.
ATM7	DATE67	    -1569.    -3251.     3251.      599.     3056.      685.
ATM7	DATE68	     1670.     -734.      734.     4370.    -1916.     2751.
ATM7	DATE69	    -2408.      -39.       39.      475.      230.     2253.
ATM7	DATE70	     2520.      480.     -480.      134.     -189.     1943.
ATM7	DATE71	     4294.    -1258.     1258.       97.    -1160.     2860.
ATM7	DATE72	     2088.    -1165.     1165.     1007.      -96.     1735.
ATM7	DATE73	     -791.    -2259.     2259.      110.       21.     2815.
ATM7	DATE74	      756.     1685.    -1685.      872.    -3348.     3563.
ATM7	DATE75	     -269.     2895.    -2895.     4355.    -1492.     2150.
ATM7	DATE76	     4307.     1239.    -1239.      232.      209.       85.
ATM7	DATE77	    -1966.    -1252.     1252.      546.     1198.     1761.
ATM7	DATE78	     8558.     -675.      675.      224.     -126.      899.
ATM7	DATE79	     1614.      190.     -190.      600.    -1707.     3116.
ATM7	DATE80	     5236.      294.     -294.     1489.     -361.     1278.
ATM7	DATE81	      362.    -1105.     1105.      650.    -1958.     3569.
ATM7	DATE82	     3762.    -1984.     1984.      175.     -278.     3500.
ATM7	DATE83	     2835.     1874.    -1874.     1901.    -2107.     2628.
ATM7	DATE84	     1236.     -151.      151.      638.    -1583.     2364.
ATM7	DATE85	     1351.    -2152.     2152.      576.     3243.      921.
ATM7	DATE86	     1825.    -1284.     1284.      766.    -1906.     3697.
ATM7	DATE87	     -656.     -724.      724.     1190.     1659.       89.
ATM7	DATE88	     2731.      912.     -912.      530.     -615.     2078.
ATM7	DATE89	     2124.     -529.      529.     2358.     2506.      336.
ATM7	DATE90	    -1414.      168.     -168.      214.     1481.      302.
ATM7	DATE91	     -396.     1130.    -1130.     1287.     1020.      629.
ATM7	DATE92	    13218.     2696.    -2696.      396.     -476.      739.
ATM7	DATE93	     3440.     3294.    -3294.       42.    -2997.     3157.
ATM7	DATE94	    -1734.     1104.    -1104.     2626.     -521.     3725.
ATM7	DATE95	    -1090.     -759.      759.     1390.     1225.      769.
ATM7	DATE96	       74.      985.     -985.      348.    -1183.     1612.
ATM7	DATE97	     3213.     -151.      151.      198.      767.       95.
ATM7	DATE98	     2263.     -901.      901.        9.      -48.     1467.
ATM7	DATE99	     -137.      -22.       22.     2263.     -783.     2063.
ATM8	DATE0	     2088.      447.     -447.      256.     -432.     1459.
ATM8	DATE1	     4844.     -337.      337.     1941.     -748.     1382.
ATM8	DATE2	     2687.      451.     -451.      558.    -1636.     2223.
ATM8	DATE3	     3396.     2558.    -2558.     1001.     -448.      473.
ATM8	DATE4	    -2221.     -530.      530.      879.     1542.     1111.
ATM8	DATE5	     -576.    -2959.     2959.      589.     2024.     1253.
ATM8	DATE6	     4633.     -144.      144.      284.      273.     1012.
ATM8	DATE7	     1545.      996.     -996.      808.    -1026.     1627.
ATM8	DATE8	    11460.    -2145.     2145.       38.     -490.     2755.
ATM8	DATE9	      282.     1258.    -1258.      471.     -666.     2291.
ATM8	DATE10	     2727.    -1689.     1689.     1769.     1136.      781.
ATM8	DATE11	     1689.    -2006.     2006.     1473.      432.     1787.
ATM8	DATE12	     4910.    -1535.     1535.     4343.     -118.     3588.
ATM8	DATE13	    -1337.     -845.      845.      127.      514.     1106.
ATM8	DATE14	    -1682.     -168.      168.       14.      810.     1213.
ATM8	DATE15	     3940.     1418.    -1418.      548.    -1119.     1756.
ATM8	DATE16	      -65.     -297.      297.     1184.    -1365.     2805.
ATM8	DATE17	     3105.      243.     -243.     1829.    -1773.     4063.
ATM8	DATE18	        3.     -819.      819.       17.      124.     1527.
ATM8	DATE19	      993.      596.     -596.      360.      163.      290.
ATM8	DATE20	    -1387.      125.     -125.     2864.     -271.     2351.
ATM8	DATE21	      769.     3345.    -3345.      110.    -1186.     1886.
ATM8	DATE22	      271.     1931.    -1931.     1027.      355.      340.
ATM8	DATE23	     2542.     1761.    -1761.     2049.     -186.     2204.
ATM8	DATE24	     5290.      783.     -783.      832.    -1567.     2695.
ATM8	DATE25	    -1134.     2045.    -2045.     1171.     -119.     1902.
ATM8	DATE26	     -829.     -903.      903.      740.      -77.     2343.
ATM8	DATE27	     1983.      460.     -460.     4315.    -1195.     2300.
ATM8	DATE28	      920.    -1031.     1031.      492.      162.     1635.
ATM8	DATE29	    -1816.      767.     -767.      919.      303.     1830.
ATM8	DATE30	     3116.     1636.    -1636.       46.     -628.     1230.
ATM8	DATE31	     4942.      342.     -342.       94.     1369.      415.
ATM8	DATE32	     -746.    -1059.     1059.     1377.      -89.     2530.
ATM8	DATE33	    -1898.     -998.      998.      721.      958.     1797.
ATM8	DATE34	     3323.      576.     -576.      305.    -2898.     3360.
ATM8	DATE35	     1523.     -379.      379.     1099.      391.     2534.
ATM8	DATE36	     5768.     -829.      829.      364.    -1467.     2757.
ATM8	DATE37	     -530.     1916.    -1916.      935.     -228.     1096.
ATM8	DATE38	      578.    -1600.     1600.     1224.     -781.     2788.
ATM8	DATE39	    -1616.      491.     -491.     1912.      501.     1357.
ATM8	DATE40	     1836.     1821.    -1821.      963.     1126.      558.
ATM8	DATE41	     1405.     -936.      936.      117.     1248.     2114.
ATM8	DATE42	      257.     1063.    -1063.      111.      296.     1139.
ATM8	DATE43	    -1270.     1206.    -1206.      203.     -799.     2139.
ATM8	DATE44	    -1444.    -1257.     1257.      142.     1647.      401.
ATM8	DATE45	     2759.     1031.    -1031.      962.      706.     1315.
ATM8	DATE46	     -807.     -863.      863.     1527.    -1190.     2658.
ATM8	DATE47	     -926.     -709.      709.      351.     -294.     1490.
ATM8	DATE48	    -2062.    -2110.     2110.      853.     2942.      691.
ATM8	DATE49	     1275.      356.     -356.      688.     -506.     1227.
ATM8	DATE50	    -1435.       51.      -51.     1260.      358.     3096.
ATM8	DATE51	     -270.      582.     -582.      309.     1438.      613.
ATM8	DATE52	    -1266.     -202.      202.     3187.     1837.      646.
ATM8	DATE53	     2922.    -1425.     1425.      332.      866.     1310.
ATM8	DATE54	    -2033.    -1823.     1823.      133.     1966.       83.
ATM8	DATE55	    -2277.     -914.      914.     2890.       93.     2289.
ATM8	DATE56	     -781.     -220.      220.     3482.      301.     2289.
ATM8	DATE57	     -926.      288.     -288.      263.     -112.     1328.
ATM8	DATE58	     3472.     1530.    -1530.      307.     -385.     1351.
ATM8	DATE59	      -95.     -309.      309.     1427.      131.     2384.
ATM8	DATE60	     -100.       27.      -27.      217.     2154.      406.
ATM8	DATE61	      954.     1522.    -1522.      724.    -1914.     1935.
ATM8	DATE62	     6126.     2650.    -2650.      573.    -3204.     3853.
ATM8	DATE63	    10321.     1431.    -1431.      104.      178.      559.
ATM8	DATE64	      320.     3533.    -3533.     1624.    -2119.     3185.
ATM8	DATE65	     7331.    -1334.     1334.      226.    -1409.     4331.
ATM8	DATE66	     2253.     3020.    -3020.      547.      589.      199.
ATM8	DATE67	     -908.     -776.      776.      379.     -875.     2438.
ATM8	DATE68	     2979.     1794.    -1794.      382.     -370.     1639.
ATM8	DATE69	     -399.    -1259.     1259.       23.     1428.     1006.
ATM8	DATE70	     2315.     2822.    -2822.      211.    -1490.     3115.
ATM8	DATE71	    -1308.    -1015.     1015.      949.     1460.       90.
ATM8	DATE72	     -798.     -596.      596.      845.     2326.      722.
ATM8	DATE73	    -2073.      849.     -849.     1099.    -1485.     3795.
ATM8	DATE74	     4797.      893.     -893.      539.    -1840.     2203.
ATM8	DATE75	     2492.      -22.       22.     1248.    -4176.     4546.
ATM8	DATE76	      368.    -2023.     2023.      396.     -122.     3189.
ATM8	DATE77	     -230.     -385.      385.     3585.    -1670.     2729.
ATM8	DATE78	      750.      474.     -474.     1501.     1474.     1745.
ATM8	DATE79	      367.     3534.    -3534.      518.     -388.     1363.
ATM8	DATE80	     5606.      268.     -268.      886.    -1364.     1724.
ATM8	DATE81	    -1761.    -1627.     1627.       15.      886.     2548.
ATM8	DATE82	     6665.    -2845.     2845.     2427.      999.     2121.
ATM8	DATE83	     8023.     -184.      184.      284.     1615.      242.
ATM8	DATE84	    -1574.    -2184.     2184.     1601.     1343.     1110.
ATM8	DATE85	      843.      601.     -601.     1112.    -1202.     2262.
ATM8	DATE86	      154.     -306.      306.      502.      872.      941.
ATM8	DATE87	     4697.      677.     -677.      913.    -2641.     3031.
ATM8	DATE88	     1909.     -362.      362.      655.     1807.      303.
ATM8	DATE89	      625.      615.     -615.      445.     1400.      155.
ATM8	DATE90	     -956.       13.      -13.      998.      145.     1285.
ATM8	DATE91	     5736.      544.     -544.     1300.    -1647.     2002.
ATM8	DATE92	      -86.       39.      -39.     1403.     -487.     2134.
ATM8	DATE93	    -1084.      134.     -134.     1015.    -1903.     3082.
ATM8	DATE94	    -2050.      409.     -409.      195.     2600.      197.
ATM8	DATE95	       32.      -12.       12.     1132.      338.     1882.
ATM8	DATE96	     8526.     2122.    -2122.       55.    -1446.     2024.
ATM8	DATE97	     -335.     1483.    -1483.     1709.    -3079.     3804.
ATM8	DATE98	     -900.      -48.       48.      447.      971.     1144.
ATM8	DATE99	     1324.     -395.      395.      734.    -1440.     2304.
ATM9	DATE0	     -547.     -726.      726.       35.     1266.     1777.
ATM9	DATE1	     -266.      785.     -785.     2774.    -3070.     3423.
ATM9	DATE2	      155.     1816.    -1816.     1480.    -1469.     2543.
ATM9	DATE3	     1012.     1772.    -1772.      672.    -1119.     1978.
ATM9	DATE4	     6202.     -694.      694.      600.     1840.     1064.
ATM9	DATE5	    -2211.     1147.    -1147.     2049.     2269.      284.
ATM9	DATE6	     -672.    -2277.     2277.      900.     -828.     4276.
ATM9	DATE7	     3311.     2178.    -2178.      202.     -302.      677.
ATM9	DATE8	     3094.     1341.    -1341.      571.    -2916.     3530.
ATM9	DATE9	     4483.      471.     -471.     4051.      321.      298.
ATM9	DATE10	    -1223.    -1470.     1470.     1225.       22.     3153.
ATM9	DATE11	     5181.     -192.      192.     2236.      407.     1891.
ATM9	DATE12	     -283.     2542.    -2542.      820.    -1089.     1712.
ATM9	DATE13	     1000.     2525.    -2525.      212.     -477.      674.
ATM9	DATE14	    11618.     -154.      154.       17.     -814.     2121.
ATM9	DATE15	     -127.    -1470.     1470.       92.      461.     2114.
ATM9	DATE16	      -96.      154.     -154.      952.     1498.      975.
ATM9	DATE17	     5932.     1671.    -1671.     1388.     -404.     1079.
ATM9	DATE18	     2809.     1286.    -1286.     1375.    -1168.     1260.
ATM9	DATE19	     1219.      490.     -490.      859.     -850.     3225.
ATM9	DATE20	     5921.     2012.    -2012.      949.    -1292.     1536.
ATM9	DATE21	     1372.     -439.      439.      309.      533.      905.
ATM9	DATE22	     5864.    -1715.     1715.      822.       86.     2040.
ATM9	DATE23	     2904.      996.     -996.      944.     2373.      347.
ATM9	DATE24	     3492.      399.     -399.      815.     -683.     1460.
ATM9	DATE25	    -3399.    -2973.     2973.     1265.     2307.     1294.
ATM9	DATE26	     -252.     1178.    -1178.      619.     1185.      275.
ATM9	DATE27	     -907.     1594.    -1594.      821.       71.     1344.
ATM9	DATE28	      889.     2419.    -2419.      162.      244.     1250.
ATM9	DATE29	      951.      991.     -991.      728.    -1893.     2088.
ATM9	DATE30	     1381.     2442.    -2442.     2306.      946.      377.
ATM9	DATE31	      735.     -103.      103.      181.     -678.     2081.
ATM9	DATE32	     8655.     1643.    -1643.      759.     -758.     1018.
ATM9	DATE33	     2150.      412.     -412.      783.     -679.      959.
ATM9	DATE34	    -2347.     -116.      116.     1887.      611.     1933.
ATM9	DATE35	    -3402.    -2716.     2716.      332.     1526.     2531.
ATM9	DATE36	    -2001.    -1859.     1859.     1049.     1508.     1277.
ATM9	DATE37	    -1751.    -1327.     1327.      280.     2495.      135.
ATM9	DATE38	      465.     1796.    -1796.      197.    -2126.     3320.
ATM9	DATE39	     1025.     -468.      468.     2130.     1116.      469.
ATM9	DATE40	     1887.     2739.    -2739.     2755.    -2990.     3240.
ATM9	DATE41	     1282.     3214.    -3214.      647.    -1636.     2531.
ATM9	DATE42	     1402.     -791.      791.      268.     -265.     2185.
ATM9	DATE43	     2589.    -1241.     1241.     1520.     -141.     2275.
ATM9	DATE44	     3945.     -755.      755.     1157.     -498.     1885.
ATM9	DATE45	     3016.     -883.      883.     1232.      692.     1177.
ATM9	DATE46	       -3.      184.     -184.     1320.     1489.      431.
ATM9	DATE47	       18.     -592.      592.      681.     2144.      612.
ATM9	DATE48	      342.    -1984.     1984.      846.     1704.     1479.
ATM9	DATE49	     -269.      -53.       53.      959.    -2065.     4210.
ATM9	DATE50	     2014.      995.     -995.      536.    -1418.     2192.
ATM9	DATE51	     5620.      701.     -701.      122.    -1951.     3349.
ATM9	DATE52	     -659.     -745.      745.        5.      289.      757.
ATM9	DATE53	    -2276.     -942.      942.     1102.       23.     3448.
ATM9	DATE54	     1547.     -950.      950.     1931.    -3426.     4436.
ATM9	DATE55	     -153.    -1160.     1160.      920.      -57.     1602.
ATM9	DATE56	     1199.     -690.      690.      262.     2095.       85.
ATM9	DATE57	     7357.      529.     -529.      279.     -210.     2258.
ATM9	DATE58	     5128.     -396.      396.     3026.     1449.     1621.
ATM9	DATE59	     4190.     1663.    -1663.       11.      118.     1539.
ATM9	DATE60	     2459.     1443.    -1443.     1552.    -2764.     3277.
ATM9	DATE61	     -239.     1956.    -1956.       13.    -1494.     2285.
ATM9	DATE62	      919.    -1760.     1760.     4585.     1504.      551.
ATM9	DATE63	     -358.    -1778.     1778.       21.     1398.      997.
ATM9	DATE64	    -1759.     -156.      156.       39.     1275.      764.
ATM9	DATE65	     -921.    -1192.     1192.      191.       98.     2051.
ATM9	DATE66	    -1615.    -2068.     2068.      114.    -2086.     5374.
ATM9	DATE67	     8360.      345.     -345.      569.    -1067.     1491.
ATM9	DATE68	     2344.     2127.    -2127.      753.    -3816.     4112.
ATM9	DATE69	      180.     -740.      740.      174.     1172.      660.
ATM9	DATE70	    -2843.    -2660.     2660.     2402.     3028.      466.
ATM9	DATE71	    -1467.     1114.    -1114.     3105.      207.     1876.
ATM9	DATE72	     2074.     -647.      647.     1012.     -908.     1790.
ATM9	DATE73	     -904.     2512.    -2512.      385.      840.     1136.
ATM9	DATE74	      296.     2206.    -2206.      951.    -2023.     2718.
ATM9	DATE75	     -461.      819.     -819.       46.      532.     1042.
ATM9	DATE76	     -636.     -239.      239.      806.     2599.      929.
ATM9	DATE77	    -1082.     -506.      506.      421.     -992.     2509.
ATM9	DATE78	    -2347.    -1438.     1438.      311.      -87.     3367.
ATM9	DATE79	     1835.     -564.      564.     1176.     -516.     2653.
ATM9	DATE80	     4122.     -157.      157.     2413.      343.     1616.
ATM9	DATE81	     1865.    -1300.     1300.      138.     -151.     3027.
ATM9	DATE82	     -182.    -1175.     1175.     3043.    -1246.     2963.
ATM9	DATE83	     -502.    -1638.     1638.      225.     -144.     2829.
ATM9	DATE84	     3578.     1871.    -1871.     1133.     -184.      875.
ATM9	DATE85	     -857.     -145.      145.      397.     -972.     3126.
ATM9	DATE86	     1760.      846.     -846.       36.      217.     1632.
ATM9	DATE87	     3434.     1373.    -1373.     2252.      353.      788.
ATM9	DATE88	     4650.     2264.    -2264.      955.    -3794.     3797.
ATM9	DATE89	     -628.    -1227.     1227.      312.     -257.     1835.
ATM9	DATE90	     1681.    -1715.     1715.      303.     2031.     1102.
ATM9	DATE91	     6260.     1722.    -1722.      319.    -1049.     2220.
ATM9	DATE92	      776.     1070.    -1070.     2395.    -4059.     4880.
ATM9	DATE93	     4485.     2105.    -2105.      272.    -1901.     1909.
ATM9	DATE94	     -435.    -1029.     1029.      225.    -1271.     2863.
ATM9	DATE95	     3799.       76.      -76.     1359.    -1426.     3026.
ATM9	DATE96	     6424.     -917.      917.     1058.     2143.     1674.
ATM9	DATE97	      823.     1699.    -1699.     1187.       73.     1511.
ATM9	DATE98	    -1900.    -1257.     1257.     1764.     1330.     1725.
ATM9	DATE99	    -2483.    -1139.     1139.      438.     2120.     1769.
