a	d	CA	CB	CC	CD	CD	CE	CW
ATM0	DATE0	    -3192.    -2161.     2161.     2543.     1326.     1907.
ATM0	DATE1	     -297.       48.      -48.     1379.      -85.     1322.
ATM0	DATE2	     3036.       -7.        7.      851.    -1426.     3622.
ATM0	DATE3	     -485.      970.     -970.      910.      -84.     1113.
ATM0	DATE4	    -1286.    -1353.     1353.      512.     -583.     2397.
ATM0	DATE5	     2376.     -814.      814.      355.      870.      989.
ATM0	DATE6	     6589.    -2597.     2597.      374.     1755.     1201.
ATM0	DATE7	      205.    -2314.     2314.      652.     1931.      830.
ATM0	DATE8	     1159.      611.     -611.      179.     -796.     1764.
ATM0	DATE9	     1236.     -296.      296.      926.    -1594.     2270.
ATM0	DATE10	      762.    -3256.     3256.      429.     1307.     2428.
ATM0	DATE11	      437.     1123.    -1123.     1965.    -2587.     3439.
ATM0	DATE12	      147.      464.     -464.     3276.     -565.     1504.
ATM0	DATE13	       60.     2009.    -2009.      719.     1601.      354.
ATM0	DATE14	    -1223.     -564.      564.     2038.     -650.     2500.
ATM0	DATE15	     -942.      925.     -925.      785.     -799.     1783.
ATM0	DATE16	      267.     -784.      784.     2051.    -1421.     2861.
ATM0	DATE17	      650.      -95.       95.      504.      947.     2060.
ATM0	DATE18	     2993.       77.      -77.      329.       43.     2744.
ATM0	DATE19	     1006.     -996.      996.       98.     -456.     2853.
ATM0	DATE20	     2597.      933.     -933.     2724.     -282.     2314.
ATM0	DATE21	     2732.     1991.    -1991.      948.    -1454.     1597.
ATM0	DATE22	     1909.      555.     -555.      815.    -3654.     4340.
ATM0	DATE23	     2401.    -1212.     1212.     3242.      975.      410.
ATM0	DATE24	      434.     -739.      739.     1735.      981.     1155.
ATM0	DATE25	     5300.     -530.      530.      500.    -2716.     3641.
ATM0	DATE26	     3025.     -171.      171.      975.    -1243.     2235.
ATM0	DATE27	      507.     -732.      732.      908.      401.     1248.
ATM0	DATE28	      849.     1679.    -1679.     3785.    -3210.     3520.
ATM0	DATE29	     -749.     -954.      954.     1710.    -1136.     2273.
ATM0	DATE30	     5836.     2589.    -2589.      806.    -1132.     1220.
ATM0	DATE31	     5906.     -206.      206.      438.    -2114.     3838.
ATM0	DATE32	      278.      531.     -531.      326.    -2075.     3404.
ATM0	DATE33	     -994.     -789.      789.      452.      265.     1051.
ATM0	DATE34	      746.    -2308.     2308.      506.     1007.     1410.
ATM0	DATE35	      779.     1266.    -1266.      182.    -3394.     4205.
ATM0	DATE36	     -356.    -1150.     1150.      750.      554.     1992.
ATM0	DATE37	     -758.      644.     -644.      437.     -929.     1786.
ATM0	DATE38	      885.      497.     -497.      393.     -363.     1489.
ATM0	DATE39	     1314.     1609.    -1609.     1140.       24.      477.
ATM0	DATE40	     2173.     1931.    -1931.      337.    -2500.     2657.
ATM0	DATE41	     1126.      591.     -591.      524.    -1307.     2561.
ATM0	DATE42	     4220.     1189.    -1189.      879.      830.     1432.
ATM0	DATE43	     -760.      599.     -599.      922.      157.     1833.
ATM0	DATE44	     4360.       62.      -62.      389.    -2203.     3730.
ATM0	DATE45	     -840.     -939.      939.     1032.      967.      857.
ATM0	DATE46	     5950.     1137.    -1137.     2477.      -37.      714.
ATM0	DATE47	     5827.     3201.    -3201.      105.    -1583.     1637.
ATM0	DATE48	    -1144.    -2201.     2201.       15.      758.     1896.
ATM0	DATE49	     3353.     2773.    -2773.       72.    -2355.     2833.
ATM1	DATE0	     7305.     1498.    -1498.     2843.    -2742.     2857.
ATM1	DATE1	     1324.      498.     -498.       78.     -314.      871.
ATM1	DATE2	    -2631.    -1540.     1540.      294.      843.     2816.
ATM1	DATE3	      702.     -485.      485.     1310.      -72.     1898.
ATM1	DATE4	     6636.     -911.      911.      562.    -1017.     2521.
ATM1	DATE5	     3193.     2326.    -2326.      227.      655.      208.
ATM1	DATE6	     -218.      -64.       64.      322.    -2731.     3744.
ATM1	DATE7	    12305.    -1436.     1436.     3621.     -356.     1950.
ATM1	DATE8	     2202.      510.     -510.      121.    -2359.     2765.
ATM1	DATE9	     -589.     1146.    -1146.      219.     1815.      122.
ATM1	DATE10	    -1241.     -567.      567.      287.      789.      783.
ATM1	DATE11	     -688.    -1611.     1611.     1305.     2342.       96.
ATM1	DATE12	     5795.     -960.      960.     2163.      131.     1469.
ATM1	DATE13	      449.    -3021.     3021.      248.      438.     3337.
ATM1	DATE14	      -51.     1985.    -1985.       42.     -549.      651.
ATM1	DATE15	     2733.     -705.      705.     1188.     -712.     1454.
ATM1	DATE16	     7539.      487.     -487.      583.     -141.      940.
ATM1	DATE17	    -1077.     -652.      652.      683.     -503.     1831.
ATM1	DATE18	    -1926.     -419.      419.     1202.     -917.     2889.
ATM1	DATE19	     1858.     -189.      189.     1062.    -3591.     4184.
ATM1	DATE20	     2181.      187.     -187.      976.      -21.     1580.
ATM1	DATE21	     1035.     -657.      657.      125.      241.     1136.
ATM1	DATE22	      753.     1869.    -1869.     1082.      890.      290.
ATM1	DATE23	     5175.     1755.    -1755.      355.     -904.     2503.
ATM1	DATE24	     -658.      315.     -315.      134.     -788.     2652.
ATM1	DATE25	     2377.     3502.    -3502.      729.    -1182.     2439.
ATM1	DATE26	     -940.     1706.    -1706.      425.      631.      615.
ATM1	DATE27	     2097.    -3990.     3990.      837.     2458.     1607.
ATM1	DATE28	    -2062.    -1525.     1525.       59.      323.     2169.
ATM1	DATE29	      334.     1320.    -1320.      323.    -3329.     3945.
ATM1	DATE30	      226.    -1046.     1046.     2134.     2263.      632.
ATM1	DATE31	        1.     -118.      118.      377.      421.     2455.
ATM1	DATE32	     7757.     1833.    -1833.     1619.      417.      934.
ATM1	DATE33	     -129.     1003.    -1003.     1074.    -1473.     2363.
ATM1	DATE34	     1425.    -1835.     1835.      719.      998.     1949.
ATM1	DATE35	     2152.     3294.    -3294.      194.    -3430.     3830.
ATM1	DATE36	     -432.     -133.      133.     1601.    -2213.     2773.
ATM1	DATE37	     1716.    -1594.     1594.       98.      384.     1586.
ATM1	DATE38	       74.     2498.    -2498.      188.    -3576.     3737.
ATM1	DATE39	      773.     1118.    -1118.     3063.      508.      839.
ATM1	DATE40	     -323.      485.     -485.      367.     1013.      752.
ATM1	DATE41	      198.     1704.    -1704.       33.      146.      986.
ATM1	DATE42	     6186.     -527.      527.      263.     -254.     1803.
ATM1	DATE43	    -1636.    -1661.     1661.      748.     3113.      884.
ATM1	DATE44	     -874.      -98.       98.     1069.     -722.     1771.
ATM1	DATE45	     -687.     -724.      724.      363.     -668.     2388.
ATM1	DATE46	     -744.      -54.       54.     1494.     -684.     2036.
ATM1	DATE47	      955.      189.     -189.      261.      852.      909.
ATM1	DATE48	     1193.     1320.    -1320.      208.    -2689.     2754.
ATM1	DATE49	     8017.     -426.      426.     2008.      944.      549.
ATM2	DATE0	    -1992.    -1662.     1662.      899.     2594.      415.
ATM2	DATE1	      588.     -621.      621.      246.    -3755.     5364.
ATM2	DATE2	       38.      977.     -977.     3027.     -557.     2701.
ATM2	DATE3	     1460.     3193.    -3193.      608.    -2230.     2613.
ATM2	DATE4	     2397.    -2081.     2081.      538.     1738.     1376.
ATM2	DATE5	     3041.      103.     -103.      576.    -1281.     2548.
ATM2	DATE6	    -2021.    -2505.     2505.      147.     1585.     1686.
ATM2	DATE7	     -332.    -1207.     1207.     1314.      -38.     1331.
ATM2	DATE8	    -1092.    -1728.     1728.      962.     1289.     2028.
ATM2	DATE9	    -1421.      448.     -448.     1655.     1273.     1502.
ATM2	DATE10	     7301.     2634.    -2634.      773.     -410.      714.
ATM2	DATE11	    -1958.    -1955.     1955.     2166.     -867.     3569.
ATM2	DATE12	      944.     -210.      210.      288.    -2017.     3098.
ATM2	DATE13	      -98.     2610.    -2610.     1674.     -636.     1005.
ATM2	DATE14	     1717.    -1168.     1168.      548.     1586.      499.
ATM2	DATE15	     1765.     -165.      165.       50.    -1826.     2509.
ATM2	DATE16	     4372.     1184.    -1184.     1105.     -216.      699.
ATM2	DATE17	       89.     2060.    -2060.     2032.    -1571.     1665.
ATM2	DATE18	     -365.       -2.        2.      236.     -534.     2112.
ATM2	DATE19	     2510.     -394.      394.      108.     -660.     1459.
ATM2	DATE20	     4014.     -706.      706.     2702.      793.      703.
ATM2	DATE21	    -1541.     -421.      421.      294.      992.      558.
ATM2	DATE22	     -146.     1405.    -1405.     1101.      454.      436.
ATM2	DATE23	     6874.      382.     -382.      946.    -1629.     1829.
ATM2	DATE24	      241.     3522.    -3522.      559.     -206.      559.
ATM2	DATE25	     2489.     1429.    -1429.      773.      -45.     1159.
ATM2	DATE26	      237.     1985.    -1985.     1156.    -3318.     3765.
ATM2	DATE27	     1380.    -1650.     1650.      210.     -384.     2234.
ATM2	DATE28	    -1313.    -2531.     2531.      611.     -473.     3052.
ATM2	DATE29	      -94.     -716.      716.      932.    -1292.     2396.
ATM2	DATE30	    -2199.    -2275.     2275.     2404.      449.     2611.
ATM2	DATE31	     3883.     -415.      415.      945.    -2876.     3796.
ATM2	DATE32	     1404.    -3097.     3097.     1200.     2503.      911.
ATM2	DATE33	     4239.    -2052.     2052.      124.     2030.     1566.
ATM2	DATE34	     3484.     1373.    -1373.     1300.    -3533.     3690.
ATM2	DATE35	     1094.     -119.      119.     2200.     2258.      179.
ATM2	DATE36	     4235.      545.     -545.     2245.    -2040.     2492.
ATM2	DATE37	     4395.     1059.    -1059.      180.     -634.     1222.
ATM2	DATE38	     -508.     -408.      408.      930.    -4905.     5913.
ATM2	DATE39	    -1548.     -390.      390.      731.     -248.     2247.
ATM2	DATE40	     -205.      396.     -396.     1352.    -1118.     2048.
ATM2	DATE41	     -416.     -453.      453.     2887.     3047.      267.
ATM2	DATE42	     2794.     1165.    -1165.      235.    -1597.     2531.
ATM2	DATE43	    -1746.      155.     -155.       50.      267.     2181.
ATM2	DATE44	      281.      862.     -862.     2141.     -895.     2006.
ATM2	DATE45	     2395.      216.     -216.      222.    -2354.     3508.
ATM2	DATE46	       26.     -444.      444.      875.    -1486.     2856.
ATM2	DATE47	     -280.      287.     -287.      426.     -541.     1107.
ATM2	DATE48	    -2246.    -2787.     2787.      655.     2978.      269.
ATM2	DATE49	     3533.     -495.      495.      773.      758.     2204.
ATM3	DATE0	     1929.     1971.    -1971.      191.    -3024.     3243.
ATM3	DATE1	    -1650.    -1175.     1175.      694.     1666.      610.
ATM3	DATE2	     1358.     -351.      351.      899.      100.      982.
ATM3	DATE3	     1478.     2344.    -2344.      307.    -1714.     2393.
ATM3	DATE4	    -1069.    -1954.     1954.      112.     3404.      435.
ATM3	DATE5	     4241.     1677.    -1677.     1159.     -349.      438.
ATM3	DATE6	    11251.      570.     -570.     1028.    -4595.     4668.
ATM3	DATE7	     3907.     2289.    -2289.      730.      940.     1308.
ATM3	DATE8	      935.       17.      -17.      102.    -1283.     1929.
ATM3	DATE9	     -543.      767.     -767.      447.    -2426.     4310.
ATM3	DATE10	      884.     -453.      453.      531.     -286.     2193.
ATM3	DATE11	     1212.     2381.    -2381.      503.    -1398.     1580.
ATM3	DATE12	     1493.    -1601.     1601.      490.    -1678.     3752.
ATM3	DATE13	     6193.     2239.    -2239.     1209.     -323.      422.
ATM3	DATE14	    -2409.     -782.      782.     1111.     -348.     3540.
ATM3	DATE15	    -1509.     -961.      961.     1186.     1990.      742.
ATM3	DATE16	     -910.     1115.    -1115.       45.      611.      882.
ATM3	DATE17	     3871.    -1060.     1060.     2784.    -1185.     2926.
ATM3	DATE18	    -2172.    -1293.     1293.     1100.     1054.     1926.
ATM3	DATE19	     -283.     1194.    -1194.     2120.       89.      807.
ATM3	DATE20	     4610.    -1149.     1149.      450.      183.     1374.
ATM3	DATE21	    -2064.     -789.      789.      727.      626.     1642.
ATM3	DATE22	     8537.      242.     -242.      538.    -1455.     2427.
ATM3	DATE23	      566.     -225.      225.       82.     1217.      569.
ATM3	DATE24	     1394.     -337.      337.      261.     -360.     1226.
ATM3	DATE25	      -20.     -198.      198.     1095.      246.     1650.
ATM3	DATE26	     1183.     1148.    -1148.      289.     -644.      793.
ATM3	DATE27	     -462.     1163.    -1163.      584.      127.      516.
ATM3	DATE28	    -3122.    -2816.     2816.      256.     1559.     1917.
ATM3	DATE29	     5388.     -661.      661.     1000.     -878.     2834.
ATM3	DATE30	      957.      560.     -560.      154.     -993.     1703.
ATM3	DATE31	       38.     -300.      300.      754.     -217.     1890.
ATM3	DATE32	    -1728.    -1383.     1383.      575.     2744.      696.
ATM3	DATE33	       80.     2048.    -2048.      455.    -1758.     1806.
ATM3	DATE34	     -669.      738.     -738.      501.     -319.     1313.
ATM3	DATE35	     3328.     -783.      783.     2119.      314.     2699.
ATM3	DATE36	     1748.      398.     -398.     2441.    -3715.     4482.
ATM3	DATE37	     3023.     -882.      882.     1458.     1051.     1184.
ATM3	DATE38	     -125.     -329.      329.       54.    -1283.     2534.
ATM3	DATE39	     5317.     2023.    -2023.     1864.    -1967.     2305.
ATM3	DATE40	     2134.     1581.    -1581.      161.       60.      720.
ATM3	DATE41	     8361.     3274.    -3274.     1909.    -2976.     3397.
ATM3	DATE42	     3236.     2540.    -2540.       89.    -3347.     4139.
ATM3	DATE43	     1904.     1747.    -1747.      125.    -1664.     2435.
ATM3	DATE44	     -802.    -1933.     1933.     1263.     -439.     3454.
ATM3	DATE45	    -1697.    -2375.     2375.      951.     3368.      250.
ATM3	DATE46	      897.      -28.       28.      655.      377.     2120.
ATM3	DATE47	      247.     -727.      727.      756.     2345.      266.
ATM3	DATE48	     1296.    -1952.     1952.     1993.     2730.     1135.
ATM3	DATE49	     7146.     2027.    -2027.      645.    -2587.     3729.
ATM4	DATE0	      963.     1804.    -1804.      379.      395.      398.
ATM4	DATE1	    -1496.     2223.    -2223.      735.    -2725.     4286.
ATM4	DATE2	    -1650.      -14.       14.       66.      507.     1323.
ATM4	DATE3	    -1512.       49.      -49.       55.    -1173.     3104.
ATM4	DATE4	     4700.     2543.    -2543.     2020.     -849.     1387.
ATM4	DATE5	     -990.      450.     -450.     1162.      134.      927.
ATM4	DATE6	     3787.      235.     -235.      164.     1313.      655.
ATM4	DATE7	     1457.      216.     -216.     1451.     -906.     2276.
ATM4	DATE8	     -628.    -2488.     2488.      787.      519.     2552.
ATM4	DATE9	     1236.    -1803.     1803.      667.     2045.      163.
ATM4	DATE10	    -1922.    -1113.     1113.     1854.     2251.      211.
ATM4	DATE11	     8537.      -51.       51.      175.    -1252.     1734.
ATM4	DATE12	     1281.      -52.       52.      493.     -991.     1718.
ATM4	DATE13	     4884.     -219.      219.      329.    -1725.     2236.
ATM4	DATE14	    -1076.     -214.      214.      678.      899.      586.
ATM4	DATE15	      738.     -327.      327.       34.     1506.      240.
ATM4	DATE16	     1057.    -2011.     2011.      466.     1843.      240.
ATM4	DATE17	     -416.    -1309.     1309.     1405.     1003.     1120.
ATM4	DATE18	     1869.      414.     -414.     1608.      475.      983.
ATM4	DATE19	     5307.      652.     -652.     2072.    -2166.     3269.
ATM4	DATE20	     -105.      161.     -161.       97.     1100.      437.
ATM4	DATE21	      426.    -1031.     1031.      588.      244.     1870.
ATM4	DATE22	     1761.     1086.    -1086.      584.    -1435.     1983.
ATM4	DATE23	     2631.    -1238.     1238.     1048.     -370.     2687.
ATM4	DATE24	    -2858.    -1666.     1666.      388.     2616.     1025.
ATM4	DATE25	     2994.     1068.    -1068.      289.    -1585.     1707.
ATM4	DATE26	    -2191.    -1430.     1430.      801.      578.     1750.
ATM4	DATE27	     1687.     -739.      739.       24.    -1818.     3338.
ATM4	DATE28	      730.    -2373.     2373.      705.      826.     1953.
ATM4	DATE29	    -2286.     -895.      895.      575.      689.     1884.
ATM4	DATE30	     -129.     1705.    -1705.      710.     1762.      111.
ATM4	DATE31	     -476.     -759.      759.     6154.      267.     1639.
ATM4	DATE32	     7360.      967.     -967.      538.     -871.     2067.
ATM4	DATE33	     -891.    -2098.     2098.       27.     2353.     1149.
ATM4	DATE34	     -367.     1552.    -1552.      841.    -1328.     3921.
ATM4	DATE35	     4191.      948.     -948.      754.    -1354.     2006.
ATM4	DATE36	      195.     -100.      100.      964.     -221.      725.
ATM4	DATE37	    -1501.     -342.      342.      310.      -27.     2373.
ATM4	DATE38	    -1021.     2157.    -2157.     1640.    -1145.     3477.
ATM4	DATE39	     5535.      617.     -617.      790.    -2896.     5369.
ATM4	DATE40	     -380.      718.     -718.     2043.    -3888.     4580.
ATM4	DATE41	     3901.      702.     -702.       75.      171.      804.
ATM4	DATE42	     1012.       -6.        6.     2969.    -1099.     1615.
ATM4	DATE43	     -965.     2003.    -2003.        7.     -507.     1530.
ATM4	DATE44	     1565.      659.     -659.      331.      207.      306.
ATM4	DATE45	     5900.     3250.    -3250.      158.    -1032.     1391.
ATM4	DATE46	    -1585.      665.     -665.      647.      -83.     1699.
ATM4	DATE47	     3931.    -2162.     2162.      168.      453.     1866.
ATM4	DATE48	       93.      400.     -400.      720.     -832.     1636.
ATM4	DATE49	     -489.     1424.    -1424.      213.      701.     1072.
