a	d	CA	CB	CC	CD	CD	CE	CW
ATM0	DATE0	    -3192.    -2161.     2161.     2543.     1326.     1907.
ATM0	DATE1	     -297.       48.      -48.     1379.      -85.     1322.
ATM0	DATE2	     3036.       -7.        7.      851.    -1426.     3622.
ATM0	DATE3	     -485.      970.     -970.      910.      -84.     1113.
ATM0	DATE4	    -1286.    -1353.     1353.      512.     -583.     2397.
ATM0	DATE5	     2376.     -814.      814.      355.      870.      989.
ATM0	DATE6	     6589.    -2597.     2597.      374.     1755.     1201.
ATM0	DATE7	      205.    -2314.     2314.      652.     1931.      830.
ATM0	DATE8	     1159.      611.     -611.      179.     -796.     1764.
ATM0	DATE9	     1236.     -296.      296.      926.    -1594.     2270.
ATM0	DATE10	      762.    -3256.     3256.      429.     1307.     2428.
ATM0	DATE11	      437.     1123.    -1123.     1965.    -2587.     3439.
ATM0	DATE12	      147.      464.     -464.     3276.     -565.     1504.
ATM0	DATE13	       60.     2009.    -2009.      719.     1601.      354.
ATM0	DATE14	    -1223.     -564.      564.     2038.     -650.     2500.
ATM0	DATE15	     -942.      925.     -925.      785.     -799.     1783.
ATM0	DATE16	      267.     -784.      784.     2051.    -1421.     2861.
ATM0	DATE17	      650.      -95.       95.      504.      947.     2060.
ATM0	DATE18	     2993.       77.      -77.      329.       43.     2744.
ATM0	DATE19	     1006.     -996.      996.       98.     -456.     2853.
ATM0	DATE20	     2597.      933.     -933.     2724.     -282.     2314.
ATM0	DATE21	     2732.     1991.    -1991.      948.    -1454.     1597.
ATM0	DATE22	     1909.      555.     -555.      815.    -3654.     4340.
ATM0	DATE23	     2401.    -1212.     1212.     3242.      975.      410.
ATM0	DATE24	      434.     -739.      739.     1735.      981.     1155.
ATM1	DATE0	     5300.     -530.      530.      500.    -2716.     3641.
ATM1	DATE1	     3025.     -171.      171.      975.    -1243.     2235.
ATM1	DATE2	      507.     -732.      732.      908.      401.     1248.
ATM1	DATE3	      849.     1679.    -1679.     3785.    -3210.     3520.
ATM1	DATE4	     -749.     -954.      954.     1710.    -1136.     2273.
ATM1	DATE5	     5836.     2589.    -2589.      806.    -1132.     1220.
ATM1	DATE6	     5906.     -206.      206.      438.    -2114.     3838.
ATM1	DATE7	      278.      531.     -531.      326.    -2075.     3404.
ATM1	DATE8	     -994.     -789.      789.      452.      265.     1051.
ATM1	DATE9	      746.    -2308.     2308.      506.     1007.     1410.
ATM1	DATE10	      779.     1266.    -1266.      182.    -3394.     4205.
ATM1	DATE11	     -356.    -1150.     1150.      750.      554.     1992.
ATM1	DATE12	     -758.      644.     -644.      437.     -929.     1786.
ATM1	DATE13	      885.      497.     -497.      393.     -363.     1489.
ATM1	DATE14	     1314.     1609.    -1609.     1140.       24.      477.
ATM1	DATE15	     2173.     1931.    -1931.      337.    -2500.     2657.
ATM1	DATE16	     1126.      591.     -591.      524.    -1307.     2561.
ATM1	DATE17	     4220.     1189.    -1189.      879.      830.     1432.
ATM1	DATE18	     -760.      599.     -599.      922.      157.     1833.
ATM1	DATE19	     4360.       62.      -62.      389.    -2203.     3730.
ATM1	DATE20	     -840.     -939.      939.     1032.      967.      857.
ATM1	DATE21	     5950.     1137.    -1137.     2477.      -37.      714.
ATM1	DATE22	     5827.     3201.    -3201.      105.    -1583.     1637.
ATM1	DATE23	    -1144.    -2201.     2201.       15.      758.     1896.
ATM1	DATE24	     3353.     2773.    -2773.       72.    -2355.     2833.
ATM2	DATE0	     7305.     1498.    -1498.     2843.    -2742.     2857.
ATM2	DATE1	     1324.      498.     -498.       78.     -314.      871.
ATM2	DATE2	    -2631.    -1540.     1540.      294.      843.     2816.
ATM2	DATE3	      702.     -485.      485.     1310.      -72.     1898.
ATM2	DATE4	     6636.     -911.      911.      562.    -1017.     2521.
ATM2	DATE5	     3193.     2326.    -2326.      227.      655.      208.
ATM2	DATE6	     -218.      -64.       64.      322.    -2731.     3744.
ATM2	DATE7	    12305.    -1436.     1436.     3621.     -356.     1950.
ATM2	DATE8	     2202.      510.     -510.      121.    -2359.     2765.
ATM2	DATE9	     -589.     1146.    -1146.      219.     1815.      122.
ATM2	DATE10	    -1241.     -567.      567.      287.      789.      783.
ATM2	DATE11	     -688.    -1611.     1611.     1305.     2342.       96.
ATM2	DATE12	     5795.     -960.      960.     2163.      131.     1469.
ATM2	DATE13	      449.    -3021.     3021.      248.      438.     3337.
ATM2	DATE14	      -51.     1985.    -1985.       42.     -549.      651.
ATM2	DATE15	     2733.     -705.      705.     1188.     -712.     1454.
ATM2	DATE16	     7539.      487.     -487.      583.     -141.      940.
ATM2	DATE17	    -1077.     -652.      652.      683.     -503.     1831.
ATM2	DATE18	    -1926.     -419.      419.     1202.     -917.     2889.
ATM2	DATE19	     1858.     -189.      189.     1062.    -3591.     4184.
ATM2	DATE20	     2181.      187.     -187.      976.      -21.     1580.
ATM2	DATE21	     1035.     -657.      657.      125.      241.     1136.
ATM2	DATE22	      753.     1869.    -1869.     1082.      890.      290.
ATM2	DATE23	     5175.     1755.    -1755.      355.     -904.     2503.
ATM2	DATE24	     -658.      315.     -315.      134.     -788.     2652.
ATM3	DATE0	     2377.     3502.    -3502.      729.    -1182.     2439.
ATM3	DATE1	     -940.     1706.    -1706.      425.      631.      615.
ATM3	DATE2	     2097.    -3990.     3990.      837.     2458.     1607.
ATM3	DATE3	    -2062.    -1525.     1525.       59.      323.     2169.
ATM3	DATE4	      334.     1320.    -1320.      323.    -3329.     3945.
ATM3	DATE5	      226.    -1046.     1046.     2134.     2263.      632.
ATM3	DATE6	        1.     -118.      118.      377.      421.     2455.
ATM3	DATE7	     7757.     1833.    -1833.     1619.      417.      934.
ATM3	DATE8	     -129.     1003.    -1003.     1074.    -1473.     2363.
ATM3	DATE9	     1425.    -1835.     1835.      719.      998.     1949.
ATM3	DATE10	     2152.     3294.    -3294.      194.    -3430.     3830.
ATM3	DATE11	     -432.     -133.      133.     1601.    -2213.     2773.
ATM3	DATE12	     1716.    -1594.     1594.       98.      384.     1586.
ATM3	DATE13	       74.     2498.    -2498.      188.    -3576.     3737.
ATM3	DATE14	      773.     1118.    -1118.     3063.      508.      839.
ATM3	DATE15	     -323.      485.     -485.      367.     1013.      752.
ATM3	DATE16	      198.     1704.    -1704.       33.      146.      986.
ATM3	DATE17	     6186.     -527.      527.      263.     -254.     1803.
ATM3	DATE18	    -1636.    -1661.     1661.      748.     3113.      884.
ATM3	DATE19	     -874.      -98.       98.     1069.     -722.     1771.
ATM3	DATE20	     -687.     -724.      724.      363.     -668.     2388.
ATM3	DATE21	     -744.      -54.       54.     1494.     -684.     2036.
ATM3	DATE22	      955.      189.     -189.      261.      852.      909.
ATM3	DATE23	     1193.     1320.    -1320.      208.    -2689.     2754.
ATM3	DATE24	     8017.     -426.      426.     2008.      944.      549.
ATM4	DATE0	    -1992.    -1662.     1662.      899.     2594.      415.
ATM4	DATE1	      588.     -621.      621.      246.    -3755.     5364.
ATM4	DATE2	       38.      977.     -977.     3027.     -557.     2701.
ATM4	DATE3	     1460.     3193.    -3193.      608.    -2230.     2613.
ATM4	DATE4	     2397.    -2081.     2081.      538.     1738.     1376.
ATM4	DATE5	     3041.      103.     -103.      576.    -1281.     2548.
ATM4	DATE6	    -2021.    -2505.     2505.      147.     1585.     1686.
ATM4	DATE7	     -332.    -1207.     1207.     1314.      -38.     1331.
ATM4	DATE8	    -1092.    -1728.     1728.      962.     1289.     2028.
ATM4	DATE9	    -1421.      448.     -448.     1655.     1273.     1502.
ATM4	DATE10	     7301.     2634.    -2634.      773.     -410.      714.
ATM4	DATE11	    -1958.    -1955.     1955.     2166.     -867.     3569.
ATM4	DATE12	      944.     -210.      210.      288.    -2017.     3098.
ATM4	DATE13	      -98.     2610.    -2610.     1674.     -636.     1005.
ATM4	DATE14	     1717.    -1168.     1168.      548.     1586.      499.
ATM4	DATE15	     1765.     -165.      165.       50.    -1826.     2509.
ATM4	DATE16	     4372.     1184.    -1184.     1105.     -216.      699.
ATM4	DATE17	       89.     2060.    -2060.     2032.    -1571.     1665.
ATM4	DATE18	     -365.       -2.        2.      236.     -534.     2112.
ATM4	DATE19	     2510.     -394.      394.      108.     -660.     1459.
ATM4	DATE20	     4014.     -706.      706.     2702.      793.      703.
ATM4	DATE21	    -1541.     -421.      421.      294.      992.      558.
ATM4	DATE22	     -146.     1405.    -1405.     1101.      454.      436.
ATM4	DATE23	     6874.      382.     -382.      946.    -1629.     1829.
ATM4	DATE24	      241.     3522.    -3522.      559.     -206.      559.
