a	d	CA	CB	CC	CD	CD	CE	CW
ATM0	DATE0	     7327.     3161.    -3161.      485.    -1654.     1702.
ATM0	DATE1	      841.    -2971.     2971.      936.      620.     3212.
ATM0	DATE2	    -1783.       83.      -83.     1160.      382.     2164.
ATM0	DATE3	     -550.    -1366.     1366.      139.     1031.      567.
ATM0	DATE4	      908.      236.     -236.      796.     -243.     2042.
ATM0	DATE5	     1128.     1577.    -1577.     1863.     -170.      859.
ATM0	DATE6	    -1850.      188.     -188.      256.    -2452.     4582.
ATM0	DATE7	    -1117.      130.     -130.     1082.     -221.     2775.
ATM0	DATE8	     1475.     -838.      838.      235.      499.     1962.
ATM0	DATE9	      449.    -1912.     1912.      541.     2144.      722.
ATM0	DATE10	    -1354.    -2484.     2484.     1195.     2887.       54.
ATM0	DATE11	    -2459.    -2350.     2350.      423.     2593.      965.
ATM0	DATE12	     -887.      972.     -972.     1063.      809.     1364.
ATM0	DATE13	    -1133.      405.     -405.     2728.      901.     1361.
ATM0	DATE14	     1103.      -67.       67.      801.      123.     1185.
ATM0	DATE15	      -21.     -929.      929.      295.      567.      790.
ATM0	DATE16	     1890.      886.     -886.       62.      182.     1556.
ATM0	DATE17	     2724.     2050.    -2050.     1818.     -297.      816.
ATM0	DATE18	     1997.    -2848.     2848.      436.     3760.       98.
ATM0	DATE19	     9291.      359.     -359.      515.     1189.     1104.
ATM0	DATE20	      454.     1524.    -1524.      532.    -1869.     2414.
ATM0	DATE21	     2395.     1145.    -1145.      692.    -1495.     2368.
ATM0	DATE22	      967.     1053.    -1053.     2432.    -1881.     2460.
ATM0	DATE23	      -27.      788.     -788.     1323.      701.     1098.
ATM0	DATE24	    -2123.    -1223.     1223.      664.      114.     2244.
ATM0	DATE25	     -185.     -711.      711.     1460.    -1060.     2966.
ATM0	DATE26	     4751.     1324.    -1324.      375.      308.      749.
ATM0	DATE27	     4587.      691.     -691.     3130.    -1525.     2696.
ATM0	DATE28	    -1427.      459.     -459.      439.    -1954.     3894.
ATM0	DATE29	     -809.       69.      -69.       15.       87.     1830.
ATM0	DATE30	     -302.     -590.      590.      943.      449.     1849.
ATM0	DATE31	    -2810.    -3217.     3217.     1419.     2569.      941.
ATM0	DATE32	    -2123.     -362.      362.     1054.      911.     1236.
ATM0	DATE33	     -576.    -1766.     1766.       72.     -316.     2811.
ATM0	DATE34	     4443.      296.     -296.      154.    -1982.     2839.
ATM0	DATE35	     3796.     -255.      255.      309.     -326.     2246.
ATM0	DATE36	      833.     -266.      266.     1775.    -1826.     2890.
ATM0	DATE37	     1562.     1062.    -1062.      632.    -3448.     3762.
ATM0	DATE38	    -2518.    -2082.     2082.     1344.     2715.      255.
ATM0	DATE39	     2130.      858.     -858.      552.      742.      792.
ATM0	DATE40	      578.      167.     -167.      574.    -2737.     3300.
ATM0	DATE41	     7775.    -1307.     1307.      665.     -247.     2018.
ATM0	DATE42	     4381.    -2007.     2007.      997.     1138.     1582.
ATM0	DATE43	     7363.     1750.    -1750.     1483.    -2445.     2742.
ATM0	DATE44	     7285.      -22.       22.     2434.    -1851.     2647.
ATM0	DATE45	    -1304.      204.     -204.      127.    -1282.     2776.
ATM0	DATE46	    -2148.     1935.    -1935.      138.     1158.     1465.
ATM0	DATE47	    -1319.      -76.       76.       18.    -2236.     3794.
ATM0	DATE48	     3405.     2276.    -2276.      181.    -1468.     2328.
ATM0	DATE49	     8687.     2729.    -2729.      185.     1634.      810.
ATM1	DATE0	     3607.     -638.      638.       72.    -2565.     3357.
ATM1	DATE1	     -512.     -325.      325.      326.     1363.      525.
ATM1	DATE2	     -354.    -2327.     2327.      330.      465.     2121.
ATM1	DATE3	     -621.    -1267.     1267.     1263.     3076.      257.
ATM1	DATE4	     -827.    -1002.     1002.      620.     2006.      413.
ATM1	DATE5	      388.      759.     -759.      955.    -1694.     1767.
ATM1	DATE6	      466.     -839.      839.      912.      642.      319.
ATM1	DATE7	     3017.     2401.    -2401.     1120.    -1631.     3459.
ATM1	DATE8	     2670.     -314.      314.       63.    -1069.     2927.
ATM1	DATE9	      119.      908.     -908.      919.    -1715.     1797.
ATM1	DATE10	     -887.     -606.      606.     2471.     -892.     2237.
ATM1	DATE11	      478.      921.     -921.      337.     1223.      302.
ATM1	DATE12	     3094.     1511.    -1511.      476.     -547.     1222.
ATM1	DATE13	    -2115.     -423.      423.      790.     -190.     3310.
ATM1	DATE14	     2183.      268.     -268.     1445.    -5044.     5239.
ATM1	DATE15	      -45.       99.      -99.     2437.      468.     1736.
ATM1	DATE16	     1771.    -1832.     1832.     1143.     2745.      415.
ATM1	DATE17	     -767.      -30.       30.        2.      981.     1181.
ATM1	DATE18	     -600.    -1461.     1461.     1414.      529.     1369.
ATM1	DATE19	     -755.     1445.    -1445.      862.     -104.     1196.
ATM1	DATE20	     3726.      290.     -290.      603.    -1503.     1667.
ATM1	DATE21	    -1233.    -1241.     1241.     1227.     1968.      419.
ATM1	DATE22	     2016.    -1616.     1616.      591.      884.     1793.
ATM1	DATE23	     1495.     2007.    -2007.     1733.    -1287.     2292.
ATM1	DATE24	      961.      -15.       15.      685.    -1187.     2638.
ATM1	DATE25	    -2877.    -3482.     3482.       34.     2455.     1172.
ATM1	DATE26	     -504.     -718.      718.      144.    -3190.     4430.
ATM1	DATE27	    -2658.    -1599.     1599.      543.     1366.     2052.
ATM1	DATE28	    -2506.     -331.      331.     3444.      936.     1648.
ATM1	DATE29	    -2736.    -2733.     2733.      898.     1028.     2064.
ATM1	DATE30	     3199.     1324.    -1324.     2399.      143.      314.
ATM1	DATE31	     4437.     1402.    -1402.      598.    -1230.     1664.
ATM1	DATE32	     -687.      788.     -788.     1481.    -2136.     3158.
ATM1	DATE33	     2412.    -1939.     1939.     2427.     1133.      980.
ATM1	DATE34	     1727.     1253.    -1253.      896.     -205.     1068.
ATM1	DATE35	     2204.      340.     -340.     5594.      689.     1240.
ATM1	DATE36	      393.      847.     -847.     1615.    -1135.     1775.
ATM1	DATE37	      336.     1776.    -1776.       22.     -411.      750.
ATM1	DATE38	     1563.    -1500.     1500.     1585.     -312.     3155.
ATM1	DATE39	     1687.      901.     -901.      312.     -147.      172.
ATM1	DATE40	     4747.     -196.      196.      806.    -1632.     1898.
ATM1	DATE41	     7325.      887.     -887.      121.      824.      357.
ATM1	DATE42	     2590.     -714.      714.     1129.        9.     2150.
ATM1	DATE43	     -847.     1561.    -1561.       92.      130.      880.
ATM1	DATE44	     -826.      190.     -190.      271.     -846.     2293.
ATM1	DATE45	       66.     -886.      886.      475.     -408.     1820.
ATM1	DATE46	     1260.      860.     -860.      219.      264.     1526.
ATM1	DATE47	     2547.      908.     -908.     1604.     -100.     1384.
ATM1	DATE48	     7473.     1557.    -1557.     1702.      -16.      356.
ATM1	DATE49	     2138.     -718.      718.       24.     2579.      607.
ATM2	DATE0	     4489.     -799.      799.     1208.      199.     1391.
ATM2	DATE1	    -2564.    -1719.     1719.     1246.      448.     2567.
ATM2	DATE2	     1780.     1516.    -1516.      113.     -235.      349.
ATM2	DATE3	      603.     -264.      264.      317.      654.      604.
ATM2	DATE4	     -805.     -952.      952.      707.      388.     1861.
ATM2	DATE5	     5318.     -309.      309.     2030.     1550.      775.
ATM2	DATE6	     -443.     -389.      389.      710.     -373.     1446.
ATM2	DATE7	     2015.     1350.    -1350.        7.    -1684.     2506.
ATM2	DATE8	      664.    -1435.     1435.       69.      -75.     3773.
ATM2	DATE9	     6027.     -496.      496.     2118.     1703.      897.
ATM2	DATE10	    -3211.    -1883.     1883.      967.     3242.      100.
ATM2	DATE11	     1825.     -434.      434.     1251.    -2609.     3354.
ATM2	DATE12	      801.     2605.    -2605.      308.    -2403.     3522.
ATM2	DATE13	     -629.        7.       -7.     1356.      326.     1889.
ATM2	DATE14	     -508.     -282.      282.     1649.     -967.     2330.
ATM2	DATE15	     3069.     3124.    -3124.      855.    -3299.     3320.
ATM2	DATE16	    -1883.    -2031.     2031.     1296.     1152.     1743.
ATM2	DATE17	    -1464.     -220.      220.      397.    -2060.     3530.
ATM2	DATE18	     -607.     -513.      513.      675.     -996.     1879.
ATM2	DATE19	     2910.      812.     -812.     1126.     -347.     1114.
ATM2	DATE20	     3571.      162.     -162.      808.     1083.     1469.
ATM2	DATE21	      503.     1269.    -1269.     1243.    -4375.     5140.
ATM2	DATE22	      622.      416.     -416.     3186.    -1173.     2061.
ATM2	DATE23	     -991.    -1256.     1256.     1784.     -625.     2349.
ATM2	DATE24	    -1669.    -1781.     1781.     1686.     2429.      617.
ATM2	DATE25	     2294.     1793.    -1793.     1713.     -136.      720.
ATM2	DATE26	     1060.      262.     -262.     2211.     -860.     2117.
ATM2	DATE27	    -1673.     -526.      526.     1292.     1402.      438.
ATM2	DATE28	     1146.      192.     -192.     2471.     1398.     1517.
ATM2	DATE29	     5215.    -1460.     1460.      138.     1367.     1878.
ATM2	DATE30	    -1496.     -652.      652.      114.     1449.      831.
ATM2	DATE31	     2949.      854.     -854.      430.      670.      815.
ATM2	DATE32	     2512.     2721.    -2721.      590.    -1612.     2323.
ATM2	DATE33	     1068.      830.     -830.      120.    -1501.     1939.
ATM2	DATE34	      852.      237.     -237.     1812.     -360.     1139.
ATM2	DATE35	     7904.    -1534.     1534.      190.     1548.      210.
ATM2	DATE36	     -356.      106.     -106.      106.     1880.      996.
ATM2	DATE37	     1940.     2515.    -2515.     2064.    -2037.     2303.
ATM2	DATE38	    -1301.    -2126.     2126.      902.      727.     2052.
ATM2	DATE39	    -2156.     -642.      642.      265.     1312.     1038.
ATM2	DATE40	     2011.      -89.       89.      803.     1062.      233.
ATM2	DATE41	     6431.     1472.    -1472.     1583.      221.      211.
ATM2	DATE42	    -2294.    -1021.     1021.     1784.     1836.     1026.
ATM2	DATE43	     -464.      595.     -595.     1496.    -3060.     4246.
ATM2	DATE44	     6539.    -2368.     2368.      628.     -881.     3610.
ATM2	DATE45	    -3576.    -3128.     3128.      604.     3557.      240.
ATM2	DATE46	     1982.      424.     -424.      497.    -1135.     1852.
ATM2	DATE47	     -425.     -613.      613.     1523.     1224.     1045.
ATM2	DATE48	    -2235.     -126.      126.     1939.     2292.      180.
ATM2	DATE49	      978.      466.     -466.      469.      450.     1902.
ATM3	DATE0	     -679.    -2678.     2678.     1242.     1383.     1415.
ATM3	DATE1	     3228.    -1382.     1382.      108.     -148.     2477.
ATM3	DATE2	    -1481.     -848.      848.     1571.    -1093.     3180.
ATM3	DATE3	      -76.      -14.       14.      276.     -529.     1075.
ATM3	DATE4	    -1405.     -663.      663.     1754.     -504.     1956.
ATM3	DATE5	     -283.     1757.    -1757.      494.     -405.     1888.
ATM3	DATE6	     -543.     -965.      965.     1348.     1793.      807.
ATM3	DATE7	     -644.     3797.    -3797.     2453.     -315.      977.
ATM3	DATE8	     1940.      205.     -205.      249.    -2979.     3891.
ATM3	DATE9	     8378.     -214.      214.     1401.     -179.     1793.
ATM3	DATE10	      202.    -2569.     2569.     1076.     3029.     1067.
ATM3	DATE11	     -985.      -27.       27.      427.      633.      514.
ATM3	DATE12	    -1584.     -622.      622.      420.     -582.     3403.
ATM3	DATE13	     1416.     -178.      178.      148.    -1350.     2599.
ATM3	DATE14	     6926.    -2552.     2552.      203.     2722.      621.
ATM3	DATE15	     5718.     1568.    -1568.     1483.      765.      277.
ATM3	DATE16	      304.     -191.      191.     1119.     -271.     2160.
ATM3	DATE17	     -556.     1046.    -1046.      792.     -620.     1753.
ATM3	DATE18	     1106.    -1712.     1712.      573.      981.     1365.
ATM3	DATE19	     1018.      848.     -848.      399.    -2254.     3106.
ATM3	DATE20	     1484.     2160.    -2160.     1108.     -495.      929.
ATM3	DATE21	      994.      291.     -291.      570.    -1501.     1670.
ATM3	DATE22	      303.    -1644.     1644.     1359.     1814.      593.
ATM3	DATE23	     2574.     1582.    -1582.      755.     -467.     1479.
ATM3	DATE24	      578.    -1126.     1126.       76.     1405.     2304.
ATM3	DATE25	     -867.     2917.    -2917.      701.     -948.     3029.
ATM3	DATE26	     3136.      -47.       47.     1108.      254.     2148.
ATM3	DATE27	    -1104.     -209.      209.     4507.     -206.     2265.
ATM3	DATE28	     6328.     2171.    -2171.      575.    -1535.     2584.
ATM3	DATE29	      661.     -579.      579.     1692.     1396.      984.
ATM3	DATE30	     3339.      854.     -854.      212.       63.     2064.
ATM3	DATE31	     7160.      142.     -142.     1465.     -537.     2505.
ATM3	DATE32	     2492.      706.     -706.       26.      361.     1754.
ATM3	DATE33	    -1976.    -2432.     2432.     2665.     1221.     1589.
ATM3	DATE34	    -1657.    -1235.     1235.     1192.      779.     1467.
ATM3	DATE35	    -1571.     1242.    -1242.      135.     -373.     2190.
ATM3	DATE36	     1022.     1601.    -1601.      337.     -201.      856.
ATM3	DATE37	     1243.       48.      -48.      149.    -1558.     2734.
ATM3	DATE38	     8599.    -1582.     1582.      344.      336.     2002.
ATM3	DATE39	    -1261.     1121.    -1121.      267.      431.     1022.
ATM3	DATE40	      510.     -342.      342.       62.     -649.     2154.
ATM3	DATE41	    -1761.    -1224.     1224.      136.     1178.     1172.
ATM3	DATE42	      -43.    -1742.     1742.      720.      196.     2318.
ATM3	DATE43	    -1801.     2538.    -2538.     2725.     -498.     2412.
ATM3	DATE44	      -22.    -1099.     1099.      345.     1878.      928.
ATM3	DATE45	     3058.      696.     -696.      153.      442.      925.
ATM3	DATE46	     4758.      -58.       58.      508.    -3031.     3669.
ATM3	DATE47	      284.      242.     -242.     1040.    -1760.     2926.
ATM3	DATE48	     4621.      518.     -518.     2104.    -3209.     3704.
ATM3	DATE49	       52.     1318.    -1318.      795.     -810.     2158.
ATM4	DATE0	     2148.     -537.      537.      881.     -875.     2147.
ATM4	DATE1	     3834.     -530.      530.     2018.      219.     2298.
ATM4	DATE2	     4391.     1877.    -1877.      315.    -1864.     2766.
ATM4	DATE3	      579.      -62.       62.      320.       -9.      748.
ATM4	DATE4	     -401.    -1964.     1964.     1063.    -1489.     3810.
ATM4	DATE5	    -1104.     -440.      440.     1247.      970.      400.
ATM4	DATE6	     -701.     2591.    -2591.     3787.     -284.     1596.
ATM4	DATE7	      997.      270.     -270.      286.      322.     1023.
ATM4	DATE8	     4533.     1147.    -1147.     2518.    -1676.     1762.
ATM4	DATE9	     1896.     1448.    -1448.      174.     -232.     1677.
ATM4	DATE10	     -455.      708.     -708.      665.    -1668.     2172.
ATM4	DATE11	     3098.     -552.      552.      500.    -1566.     3708.
ATM4	DATE12	     4774.    -1064.     1064.     1034.    -1597.     3446.
ATM4	DATE13	      755.     1328.    -1328.     1880.    -2881.     3255.
ATM4	DATE14	      630.      359.     -359.      545.    -1694.     1832.
ATM4	DATE15	    -3779.    -1243.     1243.       15.     2304.     1590.
ATM4	DATE16	    -1857.     -313.      313.      730.     1320.     2355.
ATM4	DATE17	     2425.      640.     -640.       18.    -1492.     2095.
ATM4	DATE18	    -1679.    -1269.     1269.      360.     -149.     3193.
ATM4	DATE19	     -955.     1759.    -1759.     2350.    -2647.     4433.
ATM4	DATE20	     1596.    -1071.     1071.     1041.      679.      924.
ATM4	DATE21	       33.      953.     -953.      303.     -133.      932.
ATM4	DATE22	    -2630.    -1197.     1197.     1294.     2588.      572.
ATM4	DATE23	     6155.      618.     -618.       88.    -1617.     3266.
ATM4	DATE24	     -225.     1685.    -1685.      879.      907.       64.
ATM4	DATE25	     -250.      982.     -982.      352.     -176.      650.
ATM4	DATE26	     9429.      499.     -499.      370.    -2444.     3678.
ATM4	DATE27	     -184.      228.     -228.     3931.     -815.     1645.
ATM4	DATE28	     -862.      966.     -966.     1160.       94.      875.
ATM4	DATE29	     2068.    -1517.     1517.      981.     1262.     2137.
ATM4	DATE30	     4621.      147.     -147.      901.     -332.     1049.
ATM4	DATE31	     2850.      -45.       45.      298.    -1714.     3079.
ATM4	DATE32	     2803.     -198.      198.     1105.        9.     1716.
ATM4	DATE33	     -375.    -1586.     1586.      487.      294.     3177.
ATM4	DATE34	      -33.       74.      -74.      618.      192.     1988.
ATM4	DATE35	     4899.      129.     -129.      205.    -2098.     2395.
ATM4	DATE36	      109.     -953.      953.     1673.    -1223.     3429.
ATM4	DATE37	      767.       88.      -88.      424.    -2848.     2864.
ATM4	DATE38	    -1042.     -773.      773.      101.      734.     1016.
ATM4	DATE39	     2646.     2575.    -2575.      221.     -438.      902.
ATM4	DATE40	     3381.     2076.    -2076.      293.     -919.     1220.
ATM4	DATE41	      828.     -396.      396.     2007.    -1455.     2787.
ATM4	DATE42	      510.      444.     -444.     1075.     -795.     1494.
ATM4	DATE43	     -904.    -1491.     1491.      573.      398.     1483.
ATM4	DATE44	     4469.      989.     -989.     1025.    -3425.     4790.
ATM4	DATE45	     7271.     1302.    -1302.      228.     2203.      168.
ATM4	DATE46	     2897.      429.     -429.      222.     -671.     2936.
ATM4	DATE47	     -811.     -799.      799.      117.    -1650.     2873.
ATM4	DATE48	     4108.      626.     -626.      909.    -1903.     1905.
ATM4	DATE49	     1766.     1741.    -1741.     1862.     -615.     1092.
ATM5	DATE0	       58.    -1299.     1299.     2099.      996.      991.
ATM5	DATE1	     1143.     -230.      230.      248.     -274.     1747.
ATM5	DATE2	     -989.    -3160.     3160.      517.      120.     3415.
ATM5	DATE3	     1533.    -2212.     2212.      888.     1107.     1931.
ATM5	DATE4	     -560.     1484.    -1484.       40.      800.     2064.
ATM5	DATE5	      616.      793.     -793.      454.      998.     1762.
ATM5	DATE6	     -129.     3320.    -3320.      374.    -3178.     3623.
ATM5	DATE7	      501.    -1170.     1170.     1629.     1563.     1404.
ATM5	DATE8	     -388.      -56.       56.      164.     1284.      878.
ATM5	DATE9	     -117.      400.     -400.     1896.     -797.     1243.
ATM5	DATE10	     6781.     1319.    -1319.     2082.    -2603.     3346.
ATM5	DATE11	     2061.     1544.    -1544.      465.    -1167.     1554.
ATM5	DATE12	     1245.      298.     -298.      661.      188.      839.
ATM5	DATE13	     1803.     -248.      248.      209.     1415.      258.
ATM5	DATE14	     -131.      896.     -896.      255.    -1572.     3064.
ATM5	DATE15	     5812.      738.     -738.     2322.    -1299.     1500.
ATM5	DATE16	    -1441.     2563.    -2563.       81.    -2744.     4330.
ATM5	DATE17	     3974.    -3042.     3042.     2074.     -379.     3844.
ATM5	DATE18	      905.      399.     -399.      180.    -1086.     1961.
ATM5	DATE19	    -1247.      -60.       60.      847.       92.     1943.
ATM5	DATE20	    -3361.    -2329.     2329.       20.     2550.     1020.
ATM5	DATE21	    -1345.     -447.      447.      629.    -1329.     3162.
ATM5	DATE22	     3035.       82.      -82.     1594.    -1692.     2628.
ATM5	DATE23	     3104.      417.     -417.      274.    -2011.     2964.
ATM5	DATE24	     -649.     -773.      773.      348.     2254.      381.
ATM5	DATE25	    -1934.     -285.      285.       98.    -2143.     4105.
ATM5	DATE26	     8629.     1866.    -1866.      585.      -50.      201.
ATM5	DATE27	      412.     2759.    -2759.       82.    -1034.     1916.
ATM5	DATE28	     2926.     -104.      104.     2721.     1002.     1407.
ATM5	DATE29	     5359.      725.     -725.      545.      551.       38.
ATM5	DATE30	     -412.     2270.    -2270.      619.      819.      365.
ATM5	DATE31	      912.     1484.    -1484.     1952.    -2363.     3392.
ATM5	DATE32	    -1785.    -2306.     2306.     2185.    -1475.     4665.
ATM5	DATE33	     1867.      461.     -461.      415.    -3765.     3901.
ATM5	DATE34	     3491.     -900.      900.      489.     -135.     1971.
ATM5	DATE35	      -55.    -1637.     1637.      265.     2597.      607.
ATM5	DATE36	     1013.     -868.      868.     2996.      743.     1057.
ATM5	DATE37	      568.      -52.       52.      274.     -443.     1554.
ATM5	DATE38	     -623.     -245.      245.     1890.      -81.     2019.
ATM5	DATE39	     1432.      252.     -252.      817.      623.      906.
ATM5	DATE40	     2575.     2006.    -2006.      800.     -675.     1214.
ATM5	DATE41	     5484.     -976.      976.      101.     1309.     1474.
ATM5	DATE42	     3419.     1089.    -1089.     3553.     -969.     1468.
ATM5	DATE43	     -135.      310.     -310.      774.     -658.     1844.
ATM5	DATE44	     5873.    -1319.     1319.     2933.    -2069.     4405.
ATM5	DATE45	     2407.     1723.    -1723.      160.       14.      129.
ATM5	DATE46	    -1017.      414.     -414.      239.    -1006.     2148.
ATM5	DATE47	      887.    -1023.     1023.     1973.    -1581.     3424.
ATM5	DATE48	     2126.      826.     -826.      107.    -1896.     2848.
ATM5	DATE49	    -1538.      772.     -772.       53.     -786.     2870.
ATM6	DATE0	     2909.      510.     -510.     1759.    -1857.     3183.
ATM6	DATE1	     1151.     -137.      137.      292.      659.     1561.
ATM6	DATE2	       14.      744.     -744.     1438.     1675.      798.
ATM6	DATE3	      976.    -1945.     1945.     2977.      924.     1200.
ATM6	DATE4	     -404.    -1034.     1034.      336.     -127.     1536.
ATM6	DATE5	     -263.      546.     -546.      776.      -63.     1385.
ATM6	DATE6	     1121.     1388.    -1388.      272.     -203.      631.
ATM6	DATE7	      643.     -370.      370.     1474.     2474.      365.
ATM6	DATE8	    -1189.      419.     -419.      336.     -819.     2667.
ATM6	DATE9	     6936.      807.     -807.      563.     -610.     1226.
ATM6	DATE10	      121.     1620.    -1620.     1903.    -3985.     4291.
ATM6	DATE11	     5500.     -114.      114.      587.     -707.     1306.
ATM6	DATE12	     5378.     -237.      237.     1082.     -172.      721.
ATM6	DATE13	     1121.    -1013.     1013.     1048.      703.      837.
ATM6	DATE14	     4950.     -396.      396.      899.    -2135.     2736.
ATM6	DATE15	      194.     1534.    -1534.     1314.     -131.      350.
ATM6	DATE16	    -1224.     3208.    -3208.     2206.    -2935.     4183.
ATM6	DATE17	     3613.     2443.    -2443.       99.      680.     1283.
ATM6	DATE18	     7128.     1496.    -1496.      765.    -2449.     2817.
ATM6	DATE19	      959.     -305.      305.     1294.    -1437.     2756.
ATM6	DATE20	    -1979.    -1191.     1191.     1660.     -955.     2937.
ATM6	DATE21	     4858.      995.     -995.        4.     -721.     1626.
ATM6	DATE22	     2201.     -242.      242.      591.       62.      916.
ATM6	DATE23	     4429.     2765.    -2765.     2576.      335.      454.
ATM6	DATE24	     3677.      744.     -744.     4171.    -1147.     2030.
ATM6	DATE25	    -1364.     -852.      852.      541.      178.     2279.
ATM6	DATE26	     -926.     1165.    -1165.      230.      306.      969.
ATM6	DATE27	    -1113.      249.     -249.      440.     -672.     2045.
ATM6	DATE28	     5275.    -1034.     1034.      106.     -474.     2129.
ATM6	DATE29	     1444.     1401.    -1401.      189.      340.     1172.
ATM6	DATE30	     1324.    -1434.     1434.      193.      637.     1878.
ATM6	DATE31	     3021.     -115.      115.     1165.    -3008.     3937.
ATM6	DATE32	     1366.    -1354.     1354.      205.      961.     1669.
ATM6	DATE33	     2527.     -239.      239.      105.     -312.     1526.
ATM6	DATE34	     3028.     2342.    -2342.      842.    -1847.     2847.
ATM6	DATE35	      624.      551.     -551.      632.       91.      746.
ATM6	DATE36	      173.     2386.    -2386.      178.    -1473.     2306.
ATM6	DATE37	    -1710.    -2210.     2210.      465.     1840.     1227.
ATM6	DATE38	     5660.     2758.    -2758.      256.      224.     1441.
ATM6	DATE39	      -77.    -2576.     2576.     1583.     2178.      819.
ATM6	DATE40	     3686.      527.     -527.     1993.      201.      850.
ATM6	DATE41	     1086.     1114.    -1114.     1310.      462.     2048.
ATM6	DATE42	     1401.     -419.      419.     1988.      348.     1110.
ATM6	DATE43	     2228.     -637.      637.     1321.    -2184.     2862.
ATM6	DATE44	       10.    -1349.     1349.      403.     2385.     1310.
ATM6	DATE45	     2577.     -153.      153.     2010.      -68.     2533.
ATM6	DATE46	    -3806.    -2995.     2995.      658.     1290.     2733.
ATM6	DATE47	    -1098.    -1210.     1210.      502.     2203.      564.
ATM6	DATE48	     2249.      795.     -795.      966.    -1831.     1985.
ATM6	DATE49	     3394.    -1549.     1549.      243.     -774.     2869.
ATM7	DATE0	     7150.     1898.    -1898.      149.     -248.      409.
ATM7	DATE1	     5215.       93.      -93.      561.     -732.     2013.
ATM7	DATE2	     2925.    -1691.     1691.     1102.      607.     2517.
ATM7	DATE3	     3013.     1803.    -1803.     6053.       85.     1614.
ATM7	DATE4	    -2039.     -300.      300.     1034.     1371.     1402.
ATM7	DATE5	     2632.      652.     -652.     2382.    -4531.     5453.
ATM7	DATE6	     2876.     1647.    -1647.     1091.    -1326.     2802.
ATM7	DATE7	     1784.    -2453.     2453.      574.     1573.     1932.
ATM7	DATE8	     2410.     1486.    -1486.       20.    -3634.     5090.
ATM7	DATE9	    -1267.    -1835.     1835.     1376.     1125.     1287.
ATM7	DATE10	     1306.     1156.    -1156.     2923.     -572.      595.
ATM7	DATE11	    -1536.    -1209.     1209.      629.    -1400.     3387.
ATM7	DATE12	     3402.      287.     -287.     1379.     1589.      809.
ATM7	DATE13	    -1315.    -1883.     1883.      580.      125.     2684.
ATM7	DATE14	     -694.     -514.      514.      231.    -1018.     2764.
ATM7	DATE15	    -1066.     -598.      598.      532.      686.     1808.
ATM7	DATE16	    -1049.     -920.      920.     3531.      226.     1174.
ATM7	DATE17	    -3197.    -2878.     2878.      258.      -20.     3432.
ATM7	DATE18	     2187.    -1260.     1260.     1655.     -864.     2317.
ATM7	DATE19	     1418.     2223.    -2223.      952.    -1246.     1262.
ATM7	DATE20	     1525.     1403.    -1403.      260.      254.      523.
ATM7	DATE21	      160.      395.     -395.      563.     1003.      351.
ATM7	DATE22	     -306.     -415.      415.       73.      622.     1314.
ATM7	DATE23	     2342.     2079.    -2079.      517.    -1677.     1897.
ATM7	DATE24	     -995.     1451.    -1451.     2628.      763.      713.
ATM7	DATE25	     6588.      735.     -735.      840.    -1669.     1861.
ATM7	DATE26	      908.     1852.    -1852.      177.    -1450.     1689.
ATM7	DATE27	     5018.     1528.    -1528.      349.      452.      693.
ATM7	DATE28	    -1983.    -1230.     1230.      622.     1635.      421.
ATM7	DATE29	    -1314.     1188.    -1188.       16.     -419.     2498.
ATM7	DATE30	      918.     -625.      625.      437.    -2092.     3146.
ATM7	DATE31	     2889.      334.     -334.     1482.    -1406.     2335.
ATM7	DATE32	     2844.      359.     -359.     1621.    -2645.     3380.
ATM7	DATE33	     1438.     1544.    -1544.     1695.    -1161.     1193.
ATM7	DATE34	     1853.    -1311.     1311.      234.     1282.      681.
ATM7	DATE35	    -1779.    -2208.     2208.      179.     2538.      885.
ATM7	DATE36	    -1096.    -1746.     1746.      267.     1494.     1849.
ATM7	DATE37	     -494.     -967.      967.     1577.      667.      664.
ATM7	DATE38	     2585.    -1476.     1476.      978.      521.     2142.
ATM7	DATE39	      408.     2257.    -2257.     4837.     -185.      785.
ATM7	DATE40	      993.      -35.       35.     2839.     -141.     1704.
ATM7	DATE41	     2825.    -1313.     1313.       28.     1166.      548.
ATM7	DATE42	     3393.     -348.      348.      386.     -866.     3898.
ATM7	DATE43	     3552.       73.      -73.      303.      618.     1376.
ATM7	DATE44	     2751.     -271.      271.      214.      451.      866.
ATM7	DATE45	      113.     -367.      367.      606.    -1715.     2836.
ATM7	DATE46	     -484.     -693.      693.     3282.    -1388.     2391.
ATM7	DATE47	     -145.      920.     -920.      392.    -1327.     2194.
ATM7	DATE48	     1098.     -197.      197.       63.      201.      650.
ATM7	DATE49	    -1631.     -985.      985.      354.       37.     1959.
ATM8	DATE0	    -2295.     1098.    -1098.     1335.      393.     2181.
ATM8	DATE1	    -2946.    -2516.     2516.     1505.     3831.      241.
ATM8	DATE2	    -1827.      312.     -312.     2343.     -383.     2617.
ATM8	DATE3	      851.     1361.    -1361.      146.    -1399.     1892.
ATM8	DATE4	     -341.    -1716.     1716.      136.     1404.     1453.
ATM8	DATE5	    -1761.    -1905.     1905.      169.     1634.     1510.
ATM8	DATE6	     3709.     2721.    -2721.      816.    -2620.     3344.
ATM8	DATE7	    -1492.    -1694.     1694.     1770.     1296.      510.
ATM8	DATE8	    -1183.     1402.    -1402.     3713.      695.      863.
ATM8	DATE9	     2811.      239.     -239.     2644.    -2200.     4166.
ATM8	DATE10	      705.     2825.    -2825.      473.     -223.     1305.
ATM8	DATE11	    -1676.     1141.    -1141.      129.      389.     1615.
ATM8	DATE12	     2224.     -864.      864.      251.     2359.      219.
ATM8	DATE13	     7449.    -1271.     1271.      321.    -1952.     3442.
ATM8	DATE14	     6728.    -1596.     1596.        3.     1832.      206.
ATM8	DATE15	     -272.      -92.       92.      544.    -1720.     2084.
ATM8	DATE16	     -105.    -2726.     2726.      802.     2546.      807.
ATM8	DATE17	     2007.     2387.    -2387.     2585.    -3444.     4870.
ATM8	DATE18	     2444.     1333.    -1333.     1585.      399.     1784.
ATM8	DATE19	      435.     2062.    -2062.     1976.    -2983.     4200.
ATM8	DATE20	     2597.     -708.      708.      189.     -361.     2204.
ATM8	DATE21	       20.    -1996.     1996.     2349.     1093.     1014.
ATM8	DATE22	      -29.    -1908.     1908.      566.      813.     1778.
ATM8	DATE23	     2490.     1034.    -1034.      253.    -2103.     4099.
ATM8	DATE24	     2758.      650.     -650.      232.    -1582.     3270.
ATM8	DATE25	     -304.     -284.      284.      334.     1135.      405.
ATM8	DATE26	     3081.     1365.    -1365.      885.     1644.      935.
ATM8	DATE27	      529.       87.      -87.      404.     -131.     2477.
ATM8	DATE28	      185.     -813.      813.      199.      -55.     1238.
ATM8	DATE29	      -55.      280.     -280.     1074.    -1103.     1594.
ATM8	DATE30	     4437.     1468.    -1468.      945.     -447.     2263.
ATM8	DATE31	     1324.      702.     -702.      508.      -61.      517.
ATM8	DATE32	     5124.     1144.    -1144.      419.    -1514.     2884.
ATM8	DATE33	     -457.     -678.      678.     3332.      208.     1149.
ATM8	DATE34	    -1579.    -1963.     1963.     1863.     1398.     1112.
ATM8	DATE35	      599.     1556.    -1556.      690.     -629.      903.
ATM8	DATE36	     -579.    -1350.     1350.     1654.      -62.     1503.
ATM8	DATE37	     -150.     1418.    -1418.      280.      291.      261.
ATM8	DATE38	     -856.     -934.      934.     2016.      119.     1416.
ATM8	DATE39	     6838.     -808.      808.       74.     -321.     1280.
ATM8	DATE40	    -1953.     1447.    -1447.      652.       37.     2469.
ATM8	DATE41	     1576.    -1904.     1904.      329.      543.     1965.
ATM8	DATE42	      -12.     -728.      728.      717.     -393.     1825.
ATM8	DATE43	     3912.     2261.    -2261.      470.    -1812.     1907.
ATM8	DATE44	     3143.     -128.      128.      525.     1291.     1661.
ATM8	DATE45	     1758.      793.     -793.      849.       75.      133.
ATM8	DATE46	      366.    -1083.     1083.      450.     1193.     2248.
ATM8	DATE47	     -570.    -2303.     2303.      479.     -838.     3347.
ATM8	DATE48	     4234.     -325.      325.     1102.    -1505.     3868.
ATM8	DATE49	     5284.      732.     -732.      379.    -1540.     2320.
ATM9	DATE0	     1784.     -120.      120.     1408.     -100.     1236.
ATM9	DATE1	    -1362.     1334.    -1334.     1116.      102.     1449.
ATM9	DATE2	     2737.     -308.      308.     3490.    -2188.     2851.
ATM9	DATE3	     5034.      -39.       39.        5.    -1183.     2801.
ATM9	DATE4	      323.      109.     -109.     3458.    -1690.     2204.
ATM9	DATE5	     -863.     -489.      489.     2574.     2029.      397.
ATM9	DATE6	    -1806.      432.     -432.     2428.     1026.     1195.
ATM9	DATE7	     6442.      336.     -336.       52.     1857.      222.
ATM9	DATE8	     1219.      513.     -513.      160.      810.      522.
ATM9	DATE9	      -86.    -1946.     1946.      161.     1594.     1459.
ATM9	DATE10	     8679.     1390.    -1390.      527.      321.      281.
ATM9	DATE11	    -1829.      631.     -631.      351.     1991.      143.
ATM9	DATE12	     2153.    -1684.     1684.      274.     1320.     2154.
ATM9	DATE13	      -82.      197.     -197.     4146.     -637.     1581.
ATM9	DATE14	    10291.     1371.    -1371.      197.    -2426.     4092.
ATM9	DATE15	    -1693.    -1969.     1969.     2356.    -1518.     3849.
ATM9	DATE16	    -1592.    -1964.     1964.      291.     -149.     2234.
ATM9	DATE17	       56.     1804.    -1804.      579.    -2399.     3474.
ATM9	DATE18	     1642.     3634.    -3634.       16.    -1270.     1412.
ATM9	DATE19	      819.     -724.      724.       40.     -616.     3249.
ATM9	DATE20	      213.      264.     -264.     1583.     2420.       11.
ATM9	DATE21	     2154.     1494.    -1494.      318.    -2134.     2966.
ATM9	DATE22	     2072.      554.     -554.      359.     1383.      451.
ATM9	DATE23	     1195.      -86.       86.      761.    -1012.     1836.
ATM9	DATE24	      310.     2067.    -2067.     1101.     -462.      876.
ATM9	DATE25	     3526.      295.     -295.      633.      184.     2308.
ATM9	DATE26	       39.     1960.    -1960.       30.    -2923.     4517.
ATM9	DATE27	    -2609.    -1203.     1203.      792.     2749.      243.
ATM9	DATE28	     -956.     -369.      369.      160.     -254.     2237.
ATM9	DATE29	     3679.     -452.      452.     2002.       12.     2564.
ATM9	DATE30	     4752.     1911.    -1911.      547.      -67.     1593.
ATM9	DATE31	    -1117.     -777.      777.     1334.      193.     1030.
ATM9	DATE32	     -303.     -197.      197.      413.    -1513.     2000.
ATM9	DATE33	     -323.     2478.    -2478.     1285.    -4231.     5026.
ATM9	DATE34	    -2581.    -1091.     1091.     1884.     1817.     2362.
ATM9	DATE35	      708.     1424.    -1424.     1739.    -3539.     3951.
ATM9	DATE36	     -397.     -855.      855.     4224.     -482.     1404.
ATM9	DATE37	     5420.     -541.      541.       67.     1698.      319.
ATM9	DATE38	     5263.     -387.      387.      300.     -526.     3353.
ATM9	DATE39	     3258.      622.     -622.      785.      -22.     1777.
ATM9	DATE40	      804.     1755.    -1755.      151.      -69.      720.
ATM9	DATE41	     2968.     -161.      161.      492.       30.     1681.
ATM9	DATE42	    -2447.    -1146.     1146.     1888.     2855.      409.
ATM9	DATE43	      945.     1248.    -1248.     2160.    -1508.     2662.
ATM9	DATE44	     2857.    -1527.     1527.      930.      803.     1846.
ATM9	DATE45	     2386.     -393.      393.     1984.     1251.      534.
ATM9	DATE46	     3950.      348.     -348.     1423.      252.     1748.
ATM9	DATE47	     -182.      753.     -753.      272.    -2175.     2858.
ATM9	DATE48	    -3206.     -301.      301.     2213.     3116.      204.
ATM9	DATE49	    -1675.      395.     -395.      469.     -782.     2983.
