a	d	CA	CB	CC	CD	CD	CE	CW
ATM0	DATE0	     7327.     3161.    -3161.      485.    -1654.     1702.
ATM0	DATE1	      841.    -2971.     2971.      936.      620.     3212.
ATM0	DATE2	    -1783.       83.      -83.     1160.      382.     2164.
ATM0	DATE3	     -550.    -1366.     1366.      139.     1031.      567.
ATM0	DATE4	      908.      236.     -236.      796.     -243.     2042.
ATM0	DATE5	     1128.     1577.    -1577.     1863.     -170.      859.
ATM0	DATE6	    -1850.      188.     -188.      256.    -2452.     4582.
ATM0	DATE7	    -1117.      130.     -130.     1082.     -221.     2775.
ATM0	DATE8	     1475.     -838.      838.      235.      499.     1962.
ATM0	DATE9	      449.    -1912.     1912.      541.     2144.      722.
ATM0	DATE10	    -1354.    -2484.     2484.     1195.     2887.       54.
ATM0	DATE11	    -2459.    -2350.     2350.      423.     2593.      965.
ATM0	DATE12	     -887.      972.     -972.     1063.      809.     1364.
ATM0	DATE13	    -1133.      405.     -405.     2728.      901.     1361.
ATM0	DATE14	     1103.      -67.       67.      801.      123.     1185.
ATM0	DATE15	      -21.     -929.      929.      295.      567.      790.
ATM0	DATE16	     1890.      886.     -886.       62.      182.     1556.
ATM0	DATE17	     2724.     2050.    -2050.     1818.     -297.      816.
ATM0	DATE18	     1997.    -2848.     2848.      436.     3760.       98.
ATM0	DATE19	     9291.      359.     -359.      515.     1189.     1104.
ATM0	DATE20	      454.     1524.    -1524.      532.    -1869.     2414.
ATM0	DATE21	     2395.     1145.    -1145.      692.    -1495.     2368.
ATM0	DATE22	      967.     1053.    -1053.     2432.    -1881.     2460.
ATM0	DATE23	      -27.      788.     -788.     1323.      701.     1098.
ATM0	DATE24	    -2123.    -1223.     1223.      664.      114.     2244.
ATM0	DATE25	     -185.     -711.      711.     1460.    -1060.     2966.
ATM0	DATE26	     4751.     1324.    -1324.      375.      308.      749.
ATM0	DATE27	     4587.      691.     -691.     3130.    -1525.     2696.
ATM0	DATE28	    -1427.      459.     -459.      439.    -1954.     3894.
ATM0	DATE29	     -809.       69.      -69.       15.       87.     1830.
ATM0	DATE30	     -302.     -590.      590.      943.      449.     1849.
ATM0	DATE31	    -2810.    -3217.     3217.     1419.     2569.      941.
ATM0	DATE32	    -2123.     -362.      362.     1054.      911.     1236.
ATM0	DATE33	     -576.    -1766.     1766.       72.     -316.     2811.
ATM0	DATE34	     4443.      296.     -296.      154.    -1982.     2839.
ATM0	DATE35	     3796.     -255.      255.      309.     -326.     2246.
ATM0	DATE36	      833.     -266.      266.     1775.    -1826.     2890.
ATM0	DATE37	     1562.     1062.    -1062.      632.    -3448.     3762.
ATM0	DATE38	    -2518.    -2082.     2082.     1344.     2715.      255.
ATM0	DATE39	     2130.      858.     -858.      552.      742.      792.
ATM0	DATE40	      578.      167.     -167.      574.    -2737.     3300.
ATM0	DATE41	     7775.    -1307.     1307.      665.     -247.     2018.
ATM0	DATE42	     4381.    -2007.     2007.      997.     1138.     1582.
ATM0	DATE43	     7363.     1750.    -1750.     1483.    -2445.     2742.
ATM0	DATE44	     7285.      -22.       22.     2434.    -1851.     2647.
ATM0	DATE45	    -1304.      204.     -204.      127.    -1282.     2776.
ATM0	DATE46	    -2148.     1935.    -1935.      138.     1158.     1465.
ATM0	DATE47	    -1319.      -76.       76.       18.    -2236.     3794.
ATM0	DATE48	     3405.     2276.    -2276.      181.    -1468.     2328.
ATM0	DATE49	     8687.     2729.    -2729.      185.     1634.      810.
ATM0	DATE50	     3607.     -638.      638.       72.    -2565.     3357.
ATM0	DATE51	     -512.     -325.      325.      326.     1363.      525.
ATM0	DATE52	     -354.    -2327.     2327.      330.      465.     2121.
ATM0	DATE53	     -621.    -1267.     1267.     1263.     3076.      257.
ATM0	DATE54	     -827.    -1002.     1002.      620.     2006.      413.
ATM0	DATE55	      388.      759.     -759.      955.    -1694.     1767.
ATM0	DATE56	      466.     -839.      839.      912.      642.      319.
ATM0	DATE57	     3017.     2401.    -2401.     1120.    -1631.     3459.
ATM0	DATE58	     2670.     -314.      314.       63.    -1069.     2927.
ATM0	DATE59	      119.      908.     -908.      919.    -1715.     1797.
ATM0	DATE60	     -887.     -606.      606.     2471.     -892.     2237.
ATM0	DATE61	      478.      921.     -921.      337.     1223.      302.
ATM0	DATE62	     3094.     1511.    -1511.      476.     -547.     1222.
ATM0	DATE63	    -2115.     -423.      423.      790.     -190.     3310.
ATM0	DATE64	     2183.      268.     -268.     1445.    -5044.     5239.
ATM0	DATE65	      -45.       99.      -99.     2437.      468.     1736.
ATM0	DATE66	     1771.    -1832.     1832.     1143.     2745.      415.
ATM0	DATE67	     -767.      -30.       30.        2.      981.     1181.
ATM0	DATE68	     -600.    -1461.     1461.     1414.      529.     1369.
ATM0	DATE69	     -755.     1445.    -1445.      862.     -104.     1196.
ATM0	DATE70	     3726.      290.     -290.      603.    -1503.     1667.
ATM0	DATE71	    -1233.    -1241.     1241.     1227.     1968.      419.
ATM0	DATE72	     2016.    -1616.     1616.      591.      884.     1793.
ATM0	DATE73	     1495.     2007.    -2007.     1733.    -1287.     2292.
ATM0	DATE74	      961.      -15.       15.      685.    -1187.     2638.
ATM0	DATE75	    -2877.    -3482.     3482.       34.     2455.     1172.
ATM0	DATE76	     -504.     -718.      718.      144.    -3190.     4430.
ATM0	DATE77	    -2658.    -1599.     1599.      543.     1366.     2052.
ATM0	DATE78	    -2506.     -331.      331.     3444.      936.     1648.
ATM0	DATE79	    -2736.    -2733.     2733.      898.     1028.     2064.
ATM0	DATE80	     3199.     1324.    -1324.     2399.      143.      314.
ATM0	DATE81	     4437.     1402.    -1402.      598.    -1230.     1664.
ATM0	DATE82	     -687.      788.     -788.     1481.    -2136.     3158.
ATM0	DATE83	     2412.    -1939.     1939.     2427.     1133.      980.
ATM0	DATE84	     1727.     1253.    -1253.      896.     -205.     1068.
ATM0	DATE85	     2204.      340.     -340.     5594.      689.     1240.
ATM0	DATE86	      393.      847.     -847.     1615.    -1135.     1775.
ATM0	DATE87	      336.     1776.    -1776.       22.     -411.      750.
ATM0	DATE88	     1563.    -1500.     1500.     1585.     -312.     3155.
ATM0	DATE89	     1687.      901.     -901.      312.     -147.      172.
ATM0	DATE90	     4747.     -196.      196.      806.    -1632.     1898.
ATM0	DATE91	     7325.      887.     -887.      121.      824.      357.
ATM0	DATE92	     2590.     -714.      714.     1129.        9.     2150.
ATM0	DATE93	     -847.     1561.    -1561.       92.      130.      880.
ATM0	DATE94	     -826.      190.     -190.      271.     -846.     2293.
ATM0	DATE95	       66.     -886.      886.      475.     -408.     1820.
ATM0	DATE96	     1260.      860.     -860.      219.      264.     1526.
ATM0	DATE97	     2547.      908.     -908.     1604.     -100.     1384.
ATM0	DATE98	     7473.     1557.    -1557.     1702.      -16.      356.
ATM0	DATE99	     2138.     -718.      718.       24.     2579.      607.
ATM1	DATE0	     4489.     -799.      799.     1208.      199.     1391.
ATM1	DATE1	    -2564.    -1719.     1719.     1246.      448.     2567.
ATM1	DATE2	     1780.     1516.    -1516.      113.     -235.      349.
ATM1	DATE3	      603.     -264.      264.      317.      654.      604.
ATM1	DATE4	     -805.     -952.      952.      707.      388.     1861.
ATM1	DATE5	     5318.     -309.      309.     2030.     1550.      775.
ATM1	DATE6	     -443.     -389.      389.      710.     -373.     1446.
ATM1	DATE7	     2015.     1350.    -1350.        7.    -1684.     2506.
ATM1	DATE8	      664.    -1435.     1435.       69.      -75.     3773.
ATM1	DATE9	     6027.     -496.      496.     2118.     1703.      897.
ATM1	DATE10	    -3211.    -1883.     1883.      967.     3242.      100.
ATM1	DATE11	     1825.     -434.      434.     1251.    -2609.     3354.
ATM1	DATE12	      801.     2605.    -2605.      308.    -2403.     3522.
ATM1	DATE13	     -629.        7.       -7.     1356.      326.     1889.
ATM1	DATE14	     -508.     -282.      282.     1649.     -967.     2330.
ATM1	DATE15	     3069.     3124.    -3124.      855.    -3299.     3320.
ATM1	DATE16	    -1883.    -2031.     2031.     1296.     1152.     1743.
ATM1	DATE17	    -1464.     -220.      220.      397.    -2060.     3530.
ATM1	DATE18	     -607.     -513.      513.      675.     -996.     1879.
ATM1	DATE19	     2910.      812.     -812.     1126.     -347.     1114.
ATM1	DATE20	     3571.      162.     -162.      808.     1083.     1469.
ATM1	DATE21	      503.     1269.    -1269.     1243.    -4375.     5140.
ATM1	DATE22	      622.      416.     -416.     3186.    -1173.     2061.
ATM1	DATE23	     -991.    -1256.     1256.     1784.     -625.     2349.
ATM1	DATE24	    -1669.    -1781.     1781.     1686.     2429.      617.
ATM1	DATE25	     2294.     1793.    -1793.     1713.     -136.      720.
ATM1	DATE26	     1060.      262.     -262.     2211.     -860.     2117.
ATM1	DATE27	    -1673.     -526.      526.     1292.     1402.      438.
ATM1	DATE28	     1146.      192.     -192.     2471.     1398.     1517.
ATM1	DATE29	     5215.    -1460.     1460.      138.     1367.     1878.
ATM1	DATE30	    -1496.     -652.      652.      114.     1449.      831.
ATM1	DATE31	     2949.      854.     -854.      430.      670.      815.
ATM1	DATE32	     2512.     2721.    -2721.      590.    -1612.     2323.
ATM1	DATE33	     1068.      830.     -830.      120.    -1501.     1939.
ATM1	DATE34	      852.      237.     -237.     1812.     -360.     1139.
ATM1	DATE35	     7904.    -1534.     1534.      190.     1548.      210.
ATM1	DATE36	     -356.      106.     -106.      106.     1880.      996.
ATM1	DATE37	     1940.     2515.    -2515.     2064.    -2037.     2303.
ATM1	DATE38	    -1301.    -2126.     2126.      902.      727.     2052.
ATM1	DATE39	    -2156.     -642.      642.      265.     1312.     1038.
ATM1	DATE40	     2011.      -89.       89.      803.     1062.      233.
ATM1	DATE41	     6431.     1472.    -1472.     1583.      221.      211.
ATM1	DATE42	    -2294.    -1021.     1021.     1784.     1836.     1026.
ATM1	DATE43	     -464.      595.     -595.     1496.    -3060.     4246.
ATM1	DATE44	     6539.    -2368.     2368.      628.     -881.     3610.
ATM1	DATE45	    -3576.    -3128.     3128.      604.     3557.      240.
ATM1	DATE46	     1982.      424.     -424.      497.    -1135.     1852.
ATM1	DATE47	     -425.     -613.      613.     1523.     1224.     1045.
ATM1	DATE48	    -2235.     -126.      126.     1939.     2292.      180.
ATM1	DATE49	      978.      466.     -466.      469.      450.     1902.
ATM1	DATE50	     -679.    -2678.     2678.     1242.     1383.     1415.
ATM1	DATE51	     3228.    -1382.     1382.      108.     -148.     2477.
ATM1	DATE52	    -1481.     -848.      848.     1571.    -1093.     3180.
ATM1	DATE53	      -76.      -14.       14.      276.     -529.     1075.
ATM1	DATE54	    -1405.     -663.      663.     1754.     -504.     1956.
ATM1	DATE55	     -283.     1757.    -1757.      494.     -405.     1888.
ATM1	DATE56	     -543.     -965.      965.     1348.     1793.      807.
ATM1	DATE57	     -644.     3797.    -3797.     2453.     -315.      977.
ATM1	DATE58	     1940.      205.     -205.      249.    -2979.     3891.
ATM1	DATE59	     8378.     -214.      214.     1401.     -179.     1793.
ATM1	DATE60	      202.    -2569.     2569.     1076.     3029.     1067.
ATM1	DATE61	     -985.      -27.       27.      427.      633.      514.
ATM1	DATE62	    -1584.     -622.      622.      420.     -582.     3403.
ATM1	DATE63	     1416.     -178.      178.      148.    -1350.     2599.
ATM1	DATE64	     6926.    -2552.     2552.      203.     2722.      621.
ATM1	DATE65	     5718.     1568.    -1568.     1483.      765.      277.
ATM1	DATE66	      304.     -191.      191.     1119.     -271.     2160.
ATM1	DATE67	     -556.     1046.    -1046.      792.     -620.     1753.
ATM1	DATE68	     1106.    -1712.     1712.      573.      981.     1365.
ATM1	DATE69	     1018.      848.     -848.      399.    -2254.     3106.
ATM1	DATE70	     1484.     2160.    -2160.     1108.     -495.      929.
ATM1	DATE71	      994.      291.     -291.      570.    -1501.     1670.
ATM1	DATE72	      303.    -1644.     1644.     1359.     1814.      593.
ATM1	DATE73	     2574.     1582.    -1582.      755.     -467.     1479.
ATM1	DATE74	      578.    -1126.     1126.       76.     1405.     2304.
ATM1	DATE75	     -867.     2917.    -2917.      701.     -948.     3029.
ATM1	DATE76	     3136.      -47.       47.     1108.      254.     2148.
ATM1	DATE77	    -1104.     -209.      209.     4507.     -206.     2265.
ATM1	DATE78	     6328.     2171.    -2171.      575.    -1535.     2584.
ATM1	DATE79	      661.     -579.      579.     1692.     1396.      984.
ATM1	DATE80	     3339.      854.     -854.      212.       63.     2064.
ATM1	DATE81	     7160.      142.     -142.     1465.     -537.     2505.
ATM1	DATE82	     2492.      706.     -706.       26.      361.     1754.
ATM1	DATE83	    -1976.    -2432.     2432.     2665.     1221.     1589.
ATM1	DATE84	    -1657.    -1235.     1235.     1192.      779.     1467.
ATM1	DATE85	    -1571.     1242.    -1242.      135.     -373.     2190.
ATM1	DATE86	     1022.     1601.    -1601.      337.     -201.      856.
ATM1	DATE87	     1243.       48.      -48.      149.    -1558.     2734.
ATM1	DATE88	     8599.    -1582.     1582.      344.      336.     2002.
ATM1	DATE89	    -1261.     1121.    -1121.      267.      431.     1022.
ATM1	DATE90	      510.     -342.      342.       62.     -649.     2154.
ATM1	DATE91	    -1761.    -1224.     1224.      136.     1178.     1172.
ATM1	DATE92	      -43.    -1742.     1742.      720.      196.     2318.
ATM1	DATE93	    -1801.     2538.    -2538.     2725.     -498.     2412.
ATM1	DATE94	      -22.    -1099.     1099.      345.     1878.      928.
ATM1	DATE95	     3058.      696.     -696.      153.      442.      925.
ATM1	DATE96	     4758.      -58.       58.      508.    -3031.     3669.
ATM1	DATE97	      284.      242.     -242.     1040.    -1760.     2926.
ATM1	DATE98	     4621.      518.     -518.     2104.    -3209.     3704.
ATM1	DATE99	       52.     1318.    -1318.      795.     -810.     2158.
ATM2	DATE0	     2148.     -537.      537.      881.     -875.     2147.
ATM2	DATE1	     3834.     -530.      530.     2018.      219.     2298.
ATM2	DATE2	     4391.     1877.    -1877.      315.    -1864.     2766.
ATM2	DATE3	      579.      -62.       62.      320.       -9.      748.
ATM2	DATE4	     -401.    -1964.     1964.     1063.    -1489.     3810.
ATM2	DATE5	    -1104.     -440.      440.     1247.      970.      400.
ATM2	DATE6	     -701.     2591.    -2591.     3787.     -284.     1596.
ATM2	DATE7	      997.      270.     -270.      286.      322.     1023.
ATM2	DATE8	     4533.     1147.    -1147.     2518.    -1676.     1762.
ATM2	DATE9	     1896.     1448.    -1448.      174.     -232.     1677.
ATM2	DATE10	     -455.      708.     -708.      665.    -1668.     2172.
ATM2	DATE11	     3098.     -552.      552.      500.    -1566.     3708.
ATM2	DATE12	     4774.    -1064.     1064.     1034.    -1597.     3446.
ATM2	DATE13	      755.     1328.    -1328.     1880.    -2881.     3255.
ATM2	DATE14	      630.      359.     -359.      545.    -1694.     1832.
ATM2	DATE15	    -3779.    -1243.     1243.       15.     2304.     1590.
ATM2	DATE16	    -1857.     -313.      313.      730.     1320.     2355.
ATM2	DATE17	     2425.      640.     -640.       18.    -1492.     2095.
ATM2	DATE18	    -1679.    -1269.     1269.      360.     -149.     3193.
ATM2	DATE19	     -955.     1759.    -1759.     2350.    -2647.     4433.
ATM2	DATE20	     1596.    -1071.     1071.     1041.      679.      924.
ATM2	DATE21	       33.      953.     -953.      303.     -133.      932.
ATM2	DATE22	    -2630.    -1197.     1197.     1294.     2588.      572.
ATM2	DATE23	     6155.      618.     -618.       88.    -1617.     3266.
ATM2	DATE24	     -225.     1685.    -1685.      879.      907.       64.
ATM2	DATE25	     -250.      982.     -982.      352.     -176.      650.
ATM2	DATE26	     9429.      499.     -499.      370.    -2444.     3678.
ATM2	DATE27	     -184.      228.     -228.     3931.     -815.     1645.
ATM2	DATE28	     -862.      966.     -966.     1160.       94.      875.
ATM2	DATE29	     2068.    -1517.     1517.      981.     1262.     2137.
ATM2	DATE30	     4621.      147.     -147.      901.     -332.     1049.
ATM2	DATE31	     2850.      -45.       45.      298.    -1714.     3079.
ATM2	DATE32	     2803.     -198.      198.     1105.        9.     1716.
ATM2	DATE33	     -375.    -1586.     1586.      487.      294.     3177.
ATM2	DATE34	      -33.       74.      -74.      618.      192.     1988.
ATM2	DATE35	     4899.      129.     -129.      205.    -2098.     2395.
ATM2	DATE36	      109.     -953.      953.     1673.    -1223.     3429.
ATM2	DATE37	      767.       88.      -88.      424.    -2848.     2864.
ATM2	DATE38	    -1042.     -773.      773.      101.      734.     1016.
ATM2	DATE39	     2646.     2575.    -2575.      221.     -438.      902.
ATM2	DATE40	     3381.     2076.    -2076.      293.     -919.     1220.
ATM2	DATE41	      828.     -396.      396.     2007.    -1455.     2787.
ATM2	DATE42	      510.      444.     -444.     1075.     -795.     1494.
ATM2	DATE43	     -904.    -1491.     1491.      573.      398.     1483.
ATM2	DATE44	     4469.      989.     -989.     1025.    -3425.     4790.
ATM2	DATE45	     7271.     1302.    -1302.      228.     2203.      168.
ATM2	DATE46	     2897.      429.     -429.      222.     -671.     2936.
ATM2	DATE47	     -811.     -799.      799.      117.    -1650.     2873.
ATM2	DATE48	     4108.      626.     -626.      909.    -1903.     1905.
ATM2	DATE49	     1766.     1741.    -1741.     1862.     -615.     1092.
ATM2	DATE50	       58.    -1299.     1299.     2099.      996.      991.
ATM2	DATE51	     1143.     -230.      230.      248.     -274.     1747.
ATM2	DATE52	     -989.    -3160.     3160.      517.      120.     3415.
ATM2	DATE53	     1533.    -2212.     2212.      888.     1107.     1931.
ATM2	DATE54	     -560.     1484.    -1484.       40.      800.     2064.
ATM2	DATE55	      616.      793.     -793.      454.      998.     1762.
ATM2	DATE56	     -129.     3320.    -3320.      374.    -3178.     3623.
ATM2	DATE57	      501.    -1170.     1170.     1629.     1563.     1404.
ATM2	DATE58	     -388.      -56.       56.      164.     1284.      878.
ATM2	DATE59	     -117.      400.     -400.     1896.     -797.     1243.
ATM2	DATE60	     6781.     1319.    -1319.     2082.    -2603.     3346.
ATM2	DATE61	     2061.     1544.    -1544.      465.    -1167.     1554.
ATM2	DATE62	     1245.      298.     -298.      661.      188.      839.
ATM2	DATE63	     1803.     -248.      248.      209.     1415.      258.
ATM2	DATE64	     -131.      896.     -896.      255.    -1572.     3064.
ATM2	DATE65	     5812.      738.     -738.     2322.    -1299.     1500.
ATM2	DATE66	    -1441.     2563.    -2563.       81.    -2744.     4330.
ATM2	DATE67	     3974.    -3042.     3042.     2074.     -379.     3844.
ATM2	DATE68	      905.      399.     -399.      180.    -1086.     1961.
ATM2	DATE69	    -1247.      -60.       60.      847.       92.     1943.
ATM2	DATE70	    -3361.    -2329.     2329.       20.     2550.     1020.
ATM2	DATE71	    -1345.     -447.      447.      629.    -1329.     3162.
ATM2	DATE72	     3035.       82.      -82.     1594.    -1692.     2628.
ATM2	DATE73	     3104.      417.     -417.      274.    -2011.     2964.
ATM2	DATE74	     -649.     -773.      773.      348.     2254.      381.
ATM2	DATE75	    -1934.     -285.      285.       98.    -2143.     4105.
ATM2	DATE76	     8629.     1866.    -1866.      585.      -50.      201.
ATM2	DATE77	      412.     2759.    -2759.       82.    -1034.     1916.
ATM2	DATE78	     2926.     -104.      104.     2721.     1002.     1407.
ATM2	DATE79	     5359.      725.     -725.      545.      551.       38.
ATM2	DATE80	     -412.     2270.    -2270.      619.      819.      365.
ATM2	DATE81	      912.     1484.    -1484.     1952.    -2363.     3392.
ATM2	DATE82	    -1785.    -2306.     2306.     2185.    -1475.     4665.
ATM2	DATE83	     1867.      461.     -461.      415.    -3765.     3901.
ATM2	DATE84	     3491.     -900.      900.      489.     -135.     1971.
ATM2	DATE85	      -55.    -1637.     1637.      265.     2597.      607.
ATM2	DATE86	     1013.     -868.      868.     2996.      743.     1057.
ATM2	DATE87	      568.      -52.       52.      274.     -443.     1554.
ATM2	DATE88	     -623.     -245.      245.     1890.      -81.     2019.
ATM2	DATE89	     1432.      252.     -252.      817.      623.      906.
ATM2	DATE90	     2575.     2006.    -2006.      800.     -675.     1214.
ATM2	DATE91	     5484.     -976.      976.      101.     1309.     1474.
ATM2	DATE92	     3419.     1089.    -1089.     3553.     -969.     1468.
ATM2	DATE93	     -135.      310.     -310.      774.     -658.     1844.
ATM2	DATE94	     5873.    -1319.     1319.     2933.    -2069.     4405.
ATM2	DATE95	     2407.     1723.    -1723.      160.       14.      129.
ATM2	DATE96	    -1017.      414.     -414.      239.    -1006.     2148.
ATM2	DATE97	      887.    -1023.     1023.     1973.    -1581.     3424.
ATM2	DATE98	     2126.      826.     -826.      107.    -1896.     2848.
ATM2	DATE99	    -1538.      772.     -772.       53.     -786.     2870.
ATM3	DATE0	     2909.      510.     -510.     1759.    -1857.     3183.
ATM3	DATE1	     1151.     -137.      137.      292.      659.     1561.
ATM3	DATE2	       14.      744.     -744.     1438.     1675.      798.
ATM3	DATE3	      976.    -1945.     1945.     2977.      924.     1200.
ATM3	DATE4	     -404.    -1034.     1034.      336.     -127.     1536.
ATM3	DATE5	     -263.      546.     -546.      776.      -63.     1385.
ATM3	DATE6	     1121.     1388.    -1388.      272.     -203.      631.
ATM3	DATE7	      643.     -370.      370.     1474.     2474.      365.
ATM3	DATE8	    -1189.      419.     -419.      336.     -819.     2667.
ATM3	DATE9	     6936.      807.     -807.      563.     -610.     1226.
ATM3	DATE10	      121.     1620.    -1620.     1903.    -3985.     4291.
ATM3	DATE11	     5500.     -114.      114.      587.     -707.     1306.
ATM3	DATE12	     5378.     -237.      237.     1082.     -172.      721.
ATM3	DATE13	     1121.    -1013.     1013.     1048.      703.      837.
ATM3	DATE14	     4950.     -396.      396.      899.    -2135.     2736.
ATM3	DATE15	      194.     1534.    -1534.     1314.     -131.      350.
ATM3	DATE16	    -1224.     3208.    -3208.     2206.    -2935.     4183.
ATM3	DATE17	     3613.     2443.    -2443.       99.      680.     1283.
ATM3	DATE18	     7128.     1496.    -1496.      765.    -2449.     2817.
ATM3	DATE19	      959.     -305.      305.     1294.    -1437.     2756.
ATM3	DATE20	    -1979.    -1191.     1191.     1660.     -955.     2937.
ATM3	DATE21	     4858.      995.     -995.        4.     -721.     1626.
ATM3	DATE22	     2201.     -242.      242.      591.       62.      916.
ATM3	DATE23	     4429.     2765.    -2765.     2576.      335.      454.
ATM3	DATE24	     3677.      744.     -744.     4171.    -1147.     2030.
ATM3	DATE25	    -1364.     -852.      852.      541.      178.     2279.
ATM3	DATE26	     -926.     1165.    -1165.      230.      306.      969.
ATM3	DATE27	    -1113.      249.     -249.      440.     -672.     2045.
ATM3	DATE28	     5275.    -1034.     1034.      106.     -474.     2129.
ATM3	DATE29	     1444.     1401.    -1401.      189.      340.     1172.
ATM3	DATE30	     1324.    -1434.     1434.      193.      637.     1878.
ATM3	DATE31	     3021.     -115.      115.     1165.    -3008.     3937.
ATM3	DATE32	     1366.    -1354.     1354.      205.      961.     1669.
ATM3	DATE33	     2527.     -239.      239.      105.     -312.     1526.
ATM3	DATE34	     3028.     2342.    -2342.      842.    -1847.     2847.
ATM3	DATE35	      624.      551.     -551.      632.       91.      746.
ATM3	DATE36	      173.     2386.    -2386.      178.    -1473.     2306.
ATM3	DATE37	    -1710.    -2210.     2210.      465.     1840.     1227.
ATM3	DATE38	     5660.     2758.    -2758.      256.      224.     1441.
ATM3	DATE39	      -77.    -2576.     2576.     1583.     2178.      819.
ATM3	DATE40	     3686.      527.     -527.     1993.      201.      850.
ATM3	DATE41	     1086.     1114.    -1114.     1310.      462.     2048.
ATM3	DATE42	     1401.     -419.      419.     1988.      348.     1110.
ATM3	DATE43	     2228.     -637.      637.     1321.    -2184.     2862.
ATM3	DATE44	       10.    -1349.     1349.      403.     2385.     1310.
ATM3	DATE45	     2577.     -153.      153.     2010.      -68.     2533.
ATM3	DATE46	    -3806.    -2995.     2995.      658.     1290.     2733.
ATM3	DATE47	    -1098.    -1210.     1210.      502.     2203.      564.
ATM3	DATE48	     2249.      795.     -795.      966.    -1831.     1985.
ATM3	DATE49	     3394.    -1549.     1549.      243.     -774.     2869.
ATM3	DATE50	     7150.     1898.    -1898.      149.     -248.      409.
ATM3	DATE51	     5215.       93.      -93.      561.     -732.     2013.
ATM3	DATE52	     2925.    -1691.     1691.     1102.      607.     2517.
ATM3	DATE53	     3013.     1803.    -1803.     6053.       85.     1614.
ATM3	DATE54	    -2039.     -300.      300.     1034.     1371.     1402.
ATM3	DATE55	     2632.      652.     -652.     2382.    -4531.     5453.
ATM3	DATE56	     2876.     1647.    -1647.     1091.    -1326.     2802.
ATM3	DATE57	     1784.    -2453.     2453.      574.     1573.     1932.
ATM3	DATE58	     2410.     1486.    -1486.       20.    -3634.     5090.
ATM3	DATE59	    -1267.    -1835.     1835.     1376.     1125.     1287.
ATM3	DATE60	     1306.     1156.    -1156.     2923.     -572.      595.
ATM3	DATE61	    -1536.    -1209.     1209.      629.    -1400.     3387.
ATM3	DATE62	     3402.      287.     -287.     1379.     1589.      809.
ATM3	DATE63	    -1315.    -1883.     1883.      580.      125.     2684.
ATM3	DATE64	     -694.     -514.      514.      231.    -1018.     2764.
ATM3	DATE65	    -1066.     -598.      598.      532.      686.     1808.
ATM3	DATE66	    -1049.     -920.      920.     3531.      226.     1174.
ATM3	DATE67	    -3197.    -2878.     2878.      258.      -20.     3432.
ATM3	DATE68	     2187.    -1260.     1260.     1655.     -864.     2317.
ATM3	DATE69	     1418.     2223.    -2223.      952.    -1246.     1262.
ATM3	DATE70	     1525.     1403.    -1403.      260.      254.      523.
ATM3	DATE71	      160.      395.     -395.      563.     1003.      351.
ATM3	DATE72	     -306.     -415.      415.       73.      622.     1314.
ATM3	DATE73	     2342.     2079.    -2079.      517.    -1677.     1897.
ATM3	DATE74	     -995.     1451.    -1451.     2628.      763.      713.
ATM3	DATE75	     6588.      735.     -735.      840.    -1669.     1861.
ATM3	DATE76	      908.     1852.    -1852.      177.    -1450.     1689.
ATM3	DATE77	     5018.     1528.    -1528.      349.      452.      693.
ATM3	DATE78	    -1983.    -1230.     1230.      622.     1635.      421.
ATM3	DATE79	    -1314.     1188.    -1188.       16.     -419.     2498.
ATM3	DATE80	      918.     -625.      625.      437.    -2092.     3146.
ATM3	DATE81	     2889.      334.     -334.     1482.    -1406.     2335.
ATM3	DATE82	     2844.      359.     -359.     1621.    -2645.     3380.
ATM3	DATE83	     1438.     1544.    -1544.     1695.    -1161.     1193.
ATM3	DATE84	     1853.    -1311.     1311.      234.     1282.      681.
ATM3	DATE85	    -1779.    -2208.     2208.      179.     2538.      885.
ATM3	DATE86	    -1096.    -1746.     1746.      267.     1494.     1849.
ATM3	DATE87	     -494.     -967.      967.     1577.      667.      664.
ATM3	DATE88	     2585.    -1476.     1476.      978.      521.     2142.
ATM3	DATE89	      408.     2257.    -2257.     4837.     -185.      785.
ATM3	DATE90	      993.      -35.       35.     2839.     -141.     1704.
ATM3	DATE91	     2825.    -1313.     1313.       28.     1166.      548.
ATM3	DATE92	     3393.     -348.      348.      386.     -866.     3898.
ATM3	DATE93	     3552.       73.      -73.      303.      618.     1376.
ATM3	DATE94	     2751.     -271.      271.      214.      451.      866.
ATM3	DATE95	      113.     -367.      367.      606.    -1715.     2836.
ATM3	DATE96	     -484.     -693.      693.     3282.    -1388.     2391.
ATM3	DATE97	     -145.      920.     -920.      392.    -1327.     2194.
ATM3	DATE98	     1098.     -197.      197.       63.      201.      650.
ATM3	DATE99	    -1631.     -985.      985.      354.       37.     1959.
ATM4	DATE0	    -2295.     1098.    -1098.     1335.      393.     2181.
ATM4	DATE1	    -2946.    -2516.     2516.     1505.     3831.      241.
ATM4	DATE2	    -1827.      312.     -312.     2343.     -383.     2617.
ATM4	DATE3	      851.     1361.    -1361.      146.    -1399.     1892.
ATM4	DATE4	     -341.    -1716.     1716.      136.     1404.     1453.
ATM4	DATE5	    -1761.    -1905.     1905.      169.     1634.     1510.
ATM4	DATE6	     3709.     2721.    -2721.      816.    -2620.     3344.
ATM4	DATE7	    -1492.    -1694.     1694.     1770.     1296.      510.
ATM4	DATE8	    -1183.     1402.    -1402.     3713.      695.      863.
ATM4	DATE9	     2811.      239.     -239.     2644.    -2200.     4166.
ATM4	DATE10	      705.     2825.    -2825.      473.     -223.     1305.
ATM4	DATE11	    -1676.     1141.    -1141.      129.      389.     1615.
ATM4	DATE12	     2224.     -864.      864.      251.     2359.      219.
ATM4	DATE13	     7449.    -1271.     1271.      321.    -1952.     3442.
ATM4	DATE14	     6728.    -1596.     1596.        3.     1832.      206.
ATM4	DATE15	     -272.      -92.       92.      544.    -1720.     2084.
ATM4	DATE16	     -105.    -2726.     2726.      802.     2546.      807.
ATM4	DATE17	     2007.     2387.    -2387.     2585.    -3444.     4870.
ATM4	DATE18	     2444.     1333.    -1333.     1585.      399.     1784.
ATM4	DATE19	      435.     2062.    -2062.     1976.    -2983.     4200.
ATM4	DATE20	     2597.     -708.      708.      189.     -361.     2204.
ATM4	DATE21	       20.    -1996.     1996.     2349.     1093.     1014.
ATM4	DATE22	      -29.    -1908.     1908.      566.      813.     1778.
ATM4	DATE23	     2490.     1034.    -1034.      253.    -2103.     4099.
ATM4	DATE24	     2758.      650.     -650.      232.    -1582.     3270.
ATM4	DATE25	     -304.     -284.      284.      334.     1135.      405.
ATM4	DATE26	     3081.     1365.    -1365.      885.     1644.      935.
ATM4	DATE27	      529.       87.      -87.      404.     -131.     2477.
ATM4	DATE28	      185.     -813.      813.      199.      -55.     1238.
ATM4	DATE29	      -55.      280.     -280.     1074.    -1103.     1594.
ATM4	DATE30	     4437.     1468.    -1468.      945.     -447.     2263.
ATM4	DATE31	     1324.      702.     -702.      508.      -61.      517.
ATM4	DATE32	     5124.     1144.    -1144.      419.    -1514.     2884.
ATM4	DATE33	     -457.     -678.      678.     3332.      208.     1149.
ATM4	DATE34	    -1579.    -1963.     1963.     1863.     1398.     1112.
ATM4	DATE35	      599.     1556.    -1556.      690.     -629.      903.
ATM4	DATE36	     -579.    -1350.     1350.     1654.      -62.     1503.
ATM4	DATE37	     -150.     1418.    -1418.      280.      291.      261.
ATM4	DATE38	     -856.     -934.      934.     2016.      119.     1416.
ATM4	DATE39	     6838.     -808.      808.       74.     -321.     1280.
ATM4	DATE40	    -1953.     1447.    -1447.      652.       37.     2469.
ATM4	DATE41	     1576.    -1904.     1904.      329.      543.     1965.
ATM4	DATE42	      -12.     -728.      728.      717.     -393.     1825.
ATM4	DATE43	     3912.     2261.    -2261.      470.    -1812.     1907.
ATM4	DATE44	     3143.     -128.      128.      525.     1291.     1661.
ATM4	DATE45	     1758.      793.     -793.      849.       75.      133.
ATM4	DATE46	      366.    -1083.     1083.      450.     1193.     2248.
ATM4	DATE47	     -570.    -2303.     2303.      479.     -838.     3347.
ATM4	DATE48	     4234.     -325.      325.     1102.    -1505.     3868.
ATM4	DATE49	     5284.      732.     -732.      379.    -1540.     2320.
ATM4	DATE50	     1784.     -120.      120.     1408.     -100.     1236.
ATM4	DATE51	    -1362.     1334.    -1334.     1116.      102.     1449.
ATM4	DATE52	     2737.     -308.      308.     3490.    -2188.     2851.
ATM4	DATE53	     5034.      -39.       39.        5.    -1183.     2801.
ATM4	DATE54	      323.      109.     -109.     3458.    -1690.     2204.
ATM4	DATE55	     -863.     -489.      489.     2574.     2029.      397.
ATM4	DATE56	    -1806.      432.     -432.     2428.     1026.     1195.
ATM4	DATE57	     6442.      336.     -336.       52.     1857.      222.
ATM4	DATE58	     1219.      513.     -513.      160.      810.      522.
ATM4	DATE59	      -86.    -1946.     1946.      161.     1594.     1459.
ATM4	DATE60	     8679.     1390.    -1390.      527.      321.      281.
ATM4	DATE61	    -1829.      631.     -631.      351.     1991.      143.
ATM4	DATE62	     2153.    -1684.     1684.      274.     1320.     2154.
ATM4	DATE63	      -82.      197.     -197.     4146.     -637.     1581.
ATM4	DATE64	    10291.     1371.    -1371.      197.    -2426.     4092.
ATM4	DATE65	    -1693.    -1969.     1969.     2356.    -1518.     3849.
ATM4	DATE66	    -1592.    -1964.     1964.      291.     -149.     2234.
ATM4	DATE67	       56.     1804.    -1804.      579.    -2399.     3474.
ATM4	DATE68	     1642.     3634.    -3634.       16.    -1270.     1412.
ATM4	DATE69	      819.     -724.      724.       40.     -616.     3249.
ATM4	DATE70	      213.      264.     -264.     1583.     2420.       11.
ATM4	DATE71	     2154.     1494.    -1494.      318.    -2134.     2966.
ATM4	DATE72	     2072.      554.     -554.      359.     1383.      451.
ATM4	DATE73	     1195.      -86.       86.      761.    -1012.     1836.
ATM4	DATE74	      310.     2067.    -2067.     1101.     -462.      876.
ATM4	DATE75	     3526.      295.     -295.      633.      184.     2308.
ATM4	DATE76	       39.     1960.    -1960.       30.    -2923.     4517.
ATM4	DATE77	    -2609.    -1203.     1203.      792.     2749.      243.
ATM4	DATE78	     -956.     -369.      369.      160.     -254.     2237.
ATM4	DATE79	     3679.     -452.      452.     2002.       12.     2564.
ATM4	DATE80	     4752.     1911.    -1911.      547.      -67.     1593.
ATM4	DATE81	    -1117.     -777.      777.     1334.      193.     1030.
ATM4	DATE82	     -303.     -197.      197.      413.    -1513.     2000.
ATM4	DATE83	     -323.     2478.    -2478.     1285.    -4231.     5026.
ATM4	DATE84	    -2581.    -1091.     1091.     1884.     1817.     2362.
ATM4	DATE85	      708.     1424.    -1424.     1739.    -3539.     3951.
ATM4	DATE86	     -397.     -855.      855.     4224.     -482.     1404.
ATM4	DATE87	     5420.     -541.      541.       67.     1698.      319.
ATM4	DATE88	     5263.     -387.      387.      300.     -526.     3353.
ATM4	DATE89	     3258.      622.     -622.      785.      -22.     1777.
ATM4	DATE90	      804.     1755.    -1755.      151.      -69.      720.
ATM4	DATE91	     2968.     -161.      161.      492.       30.     1681.
ATM4	DATE92	    -2447.    -1146.     1146.     1888.     2855.      409.
ATM4	DATE93	      945.     1248.    -1248.     2160.    -1508.     2662.
ATM4	DATE94	     2857.    -1527.     1527.      930.      803.     1846.
ATM4	DATE95	     2386.     -393.      393.     1984.     1251.      534.
ATM4	DATE96	     3950.      348.     -348.     1423.      252.     1748.
ATM4	DATE97	     -182.      753.     -753.      272.    -2175.     2858.
ATM4	DATE98	    -3206.     -301.      301.     2213.     3116.      204.
ATM4	DATE99	    -1675.      395.     -395.      469.     -782.     2983.
ATM5	DATE0	    -1620.    -1276.     1276.     3240.      347.     1806.
ATM5	DATE1	     -527.    -1631.     1631.     3123.    -2695.     5395.
ATM5	DATE2	     7230.     -507.      507.     1257.     -167.     1408.
ATM5	DATE3	     1033.    -1679.     1679.       55.     1865.     1491.
ATM5	DATE4	     -647.     1777.    -1777.      281.    -1030.     3002.
ATM5	DATE5	      188.     1368.    -1368.      354.    -3741.     5148.
ATM5	DATE6	    -1299.     -275.      275.      452.     -653.     2368.
ATM5	DATE7	    -1531.    -1541.     1541.      232.      473.     1320.
ATM5	DATE8	    -2325.    -2208.     2208.     1541.     2460.     1137.
ATM5	DATE9	     1197.     2561.    -2561.     2884.     -626.     1247.
ATM5	DATE10	     1861.      -56.       56.      526.    -2754.     4248.
ATM5	DATE11	      128.     -199.      199.      259.    -1079.     3482.
ATM5	DATE12	    -1614.    -1793.     1793.     1767.      249.     1699.
ATM5	DATE13	     7342.     3599.    -3599.      899.    -2820.     3359.
ATM5	DATE14	    -2051.      631.     -631.      365.      920.     1750.
ATM5	DATE15	     1660.     1081.    -1081.     2286.      181.      363.
ATM5	DATE16	      861.      608.     -608.     4797.     -734.     1470.
ATM5	DATE17	     -373.     1223.    -1223.      387.     -194.     2004.
ATM5	DATE18	      132.       73.      -73.     2254.     -214.      777.
ATM5	DATE19	    -1638.      521.     -521.     1151.     1185.      904.
ATM5	DATE20	     2577.     -390.      390.     1099.     -906.     1429.
ATM5	DATE21	     -852.      375.     -375.      624.      135.      959.
ATM5	DATE22	     5568.       45.      -45.      776.     -927.     2119.
ATM5	DATE23	      396.     -106.      106.      230.    -3465.     4290.
ATM5	DATE24	     1086.     1215.    -1215.     3256.    -3487.     3973.
ATM5	DATE25	     -623.      -55.       55.      397.    -1132.     1966.
ATM5	DATE26	    -1489.    -1824.     1824.      325.       10.     3489.
ATM5	DATE27	     -513.    -1262.     1262.      187.    -1203.     3005.
ATM5	DATE28	     2097.     1553.    -1553.       85.      790.     1773.
ATM5	DATE29	    -1252.     -779.      779.      211.     1082.     1891.
ATM5	DATE30	     3382.     -222.      222.      349.    -2154.     2404.
ATM5	DATE31	     3660.    -1332.     1332.     1043.      810.     1300.
ATM5	DATE32	     -697.     1501.    -1501.      772.    -1083.     1913.
ATM5	DATE33	    -1736.    -1619.     1619.      420.      848.     1044.
ATM5	DATE34	     5329.     -711.      711.      240.       27.     1815.
ATM5	DATE35	     -381.    -2252.     2252.      909.     -156.     2550.
ATM5	DATE36	      133.     -727.      727.     1445.     3458.      369.
ATM5	DATE37	     3976.     1635.    -1635.     3097.      619.     1366.
ATM5	DATE38	     -161.     1870.    -1870.      321.    -1134.     1741.
ATM5	DATE39	     6197.     1343.    -1343.     1399.    -2744.     3152.
ATM5	DATE40	     -926.      610.     -610.     4257.    -1281.     2312.
ATM5	DATE41	      309.      950.     -950.     1317.     -891.     1887.
ATM5	DATE42	      120.      -54.       54.       89.      373.     2114.
ATM5	DATE43	      846.      457.     -457.        8.    -2115.     2630.
ATM5	DATE44	     2769.     1194.    -1194.       20.     -324.      507.
ATM5	DATE45	    -1800.    -1600.     1600.     1524.    -1631.     3468.
ATM5	DATE46	     1233.      736.     -736.      703.      259.     1475.
ATM5	DATE47	     5283.     -562.      562.      778.     1287.     1119.
ATM5	DATE48	     8109.      680.     -680.      506.      661.      634.
ATM5	DATE49	     3849.     1183.    -1183.      540.     1644.      247.
ATM5	DATE50	     1885.      734.     -734.      394.     -483.     2182.
ATM5	DATE51	    10641.    -1622.     1622.      100.     -346.     2808.
ATM5	DATE52	     3248.     2138.    -2138.       30.    -1318.     1451.
ATM5	DATE53	     1742.     -167.      167.     1320.    -1187.     1784.
ATM5	DATE54	    -1310.     -449.      449.      811.     -197.     1660.
ATM5	DATE55	     2425.     -596.      596.      111.     -695.     1907.
ATM5	DATE56	     2177.       -9.        9.      883.    -3917.     5611.
ATM5	DATE57	     3864.      462.     -462.      200.     -316.     2043.
ATM5	DATE58	     -750.     1170.    -1170.     3241.     -453.     1392.
ATM5	DATE59	     5375.      572.     -572.     1418.    -3184.     3891.
ATM5	DATE60	      189.     1233.    -1233.      123.    -3311.     3488.
ATM5	DATE61	     1589.    -1209.     1209.     1420.     -869.     2494.
ATM5	DATE62	     4571.      924.     -924.     2142.     -137.     1208.
ATM5	DATE63	     1353.    -2436.     2436.      211.     -384.     2868.
ATM5	DATE64	      111.    -3446.     3446.       71.     3109.      384.
ATM5	DATE65	     3866.     1605.    -1605.      614.    -1957.     2033.
ATM5	DATE66	      580.     1323.    -1323.       40.    -4022.     5219.
ATM5	DATE67	     3719.     2211.    -2211.     2262.    -1226.     1819.
ATM5	DATE68	     -206.     2902.    -2902.      360.     -221.      694.
ATM5	DATE69	      287.    -1003.     1003.      601.     1855.     1039.
ATM5	DATE70	     -950.    -1890.     1890.      274.     -654.     2894.
ATM5	DATE71	       49.      294.     -294.      107.    -1572.     3143.
ATM5	DATE72	     3518.     -678.      678.      557.    -1790.     3559.
ATM5	DATE73	     5426.     1307.    -1307.     1537.    -2259.     2699.
ATM5	DATE74	    -1687.      338.     -338.      294.    -1204.     2994.
ATM5	DATE75	       -5.     1645.    -1645.     3468.    -1197.     1889.
ATM5	DATE76	     6529.     2974.    -2974.     1472.    -1080.     1508.
ATM5	DATE77	     1497.      818.     -818.      952.      935.       20.
ATM5	DATE78	     1385.     1160.    -1160.       70.      861.      762.
ATM5	DATE79	        5.     -589.      589.      600.    -1423.     2109.
ATM5	DATE80	     3274.       24.      -24.     4531.    -2694.     2761.
ATM5	DATE81	     -304.     -567.      567.     3491.    -1571.     2422.
ATM5	DATE82	     5406.    -2176.     2176.       40.     1802.     1283.
ATM5	DATE83	    -1810.    -1487.     1487.      176.     2367.      287.
ATM5	DATE84	      571.      125.     -125.     1465.     -925.     1638.
ATM5	DATE85	     1468.     -755.      755.     1106.      188.     2469.
ATM5	DATE86	     1624.     1660.    -1660.       67.     -640.     1123.
ATM5	DATE87	      436.     2583.    -2583.      497.      160.       43.
ATM5	DATE88	      -81.     -819.      819.      747.     -366.     2746.
ATM5	DATE89	     2387.      169.     -169.       95.     1072.     1866.
ATM5	DATE90	     1688.     1854.    -1854.     1681.     -584.     1199.
ATM5	DATE91	      183.     -276.      276.      357.      724.     2472.
ATM5	DATE92	      116.      959.     -959.      969.     -412.     1354.
ATM5	DATE93	     1190.    -1904.     1904.      784.    -1325.     3273.
ATM5	DATE94	     -472.     1515.    -1515.      191.    -1152.     2457.
ATM5	DATE95	     2256.     1205.    -1205.      508.    -1164.     2972.
ATM5	DATE96	     3433.     -683.      683.      870.     1653.      427.
ATM5	DATE97	     1200.     2437.    -2437.     1084.    -2446.     3714.
ATM5	DATE98	     1038.     -598.      598.     1194.     -626.     1929.
ATM5	DATE99	    -2198.    -2562.     2562.      903.     1005.     2056.
ATM6	DATE0	     1008.     2031.    -2031.      268.     -997.     2318.
ATM6	DATE1	     5273.      627.     -627.     1568.     -640.      857.
ATM6	DATE2	     2542.      202.     -202.     3886.      381.     1206.
ATM6	DATE3	     4347.    -1759.     1759.       69.     1844.     2002.
ATM6	DATE4	    10647.      892.     -892.      319.     -565.     2556.
ATM6	DATE5	      851.      194.     -194.      638.      578.     2330.
ATM6	DATE6	    -2400.    -2128.     2128.      382.       68.     3486.
ATM6	DATE7	    -1696.    -2416.     2416.     1491.     1592.      909.
ATM6	DATE8	     3196.     3718.    -3718.     2550.    -2829.     3175.
ATM6	DATE9	    -3800.    -2771.     2771.      443.     3260.      788.
ATM6	DATE10	      514.    -2267.     2267.      911.      537.     1980.
ATM6	DATE11	      542.     -364.      364.      443.      180.     1212.
ATM6	DATE12	     4389.     1563.    -1563.      415.     -631.     1422.
ATM6	DATE13	     1979.     1633.    -1633.     1364.     -879.     1687.
ATM6	DATE14	     9042.      643.     -643.     1927.    -1319.     2704.
ATM6	DATE15	     1820.     1048.    -1048.      193.    -3267.     3527.
ATM6	DATE16	     -552.      334.     -334.     1862.    -1193.     3086.
ATM6	DATE17	     4437.     1028.    -1028.     1342.    -2095.     2823.
ATM6	DATE18	     6372.     1114.    -1114.      166.    -1848.     1959.
ATM6	DATE19	     3525.      857.     -857.      925.      491.      446.
ATM6	DATE20	     1049.      894.     -894.      289.    -1873.     2412.
ATM6	DATE21	     4714.     1785.    -1785.     1395.      783.      391.
ATM6	DATE22	     3130.    -1195.     1195.     1260.     -859.     2888.
ATM6	DATE23	    -1415.     -774.      774.     1630.    -3840.     5492.
ATM6	DATE24	     3078.     -927.      927.      400.    -1181.     3034.
ATM6	DATE25	     1714.      693.     -693.      297.    -2681.     3574.
ATM6	DATE26	     6187.     3103.    -3103.      539.      322.      318.
ATM6	DATE27	    -3441.    -1283.     1283.      202.     3441.      246.
ATM6	DATE28	      825.     -356.      356.     2879.      987.       40.
ATM6	DATE29	     3222.    -1446.     1446.      111.      545.     2525.
ATM6	DATE30	     1560.     1250.    -1250.     1558.     -581.      885.
ATM6	DATE31	     8785.      864.     -864.      344.      866.      713.
ATM6	DATE32	     4048.     2048.    -2048.      302.    -1895.     2298.
ATM6	DATE33	     -980.      138.     -138.      767.      401.     1164.
ATM6	DATE34	     -874.       78.      -78.     1559.     1932.      902.
ATM6	DATE35	     6322.     1533.    -1533.      710.    -2600.     3611.
ATM6	DATE36	     8044.     3071.    -3071.     1766.    -1039.     1055.
ATM6	DATE37	     6743.      249.     -249.     1460.    -3451.     3950.
ATM6	DATE38	     2578.    -1089.     1089.       25.    -1093.     4105.
ATM6	DATE39	     7185.     -124.      124.     2136.    -1234.     3526.
ATM6	DATE40	     -491.      536.     -536.     2656.    -3746.     4824.
ATM6	DATE41	    -2478.    -1790.     1790.     2502.      807.     1911.
ATM6	DATE42	    11783.     -513.      513.     1792.       56.     1743.
ATM6	DATE43	     -600.     -506.      506.      714.     -849.     2791.
ATM6	DATE44	    -1117.    -1641.     1641.     1319.     -785.     3169.
ATM6	DATE45	     4214.    -2708.     2708.     1046.     2286.     1395.
ATM6	DATE46	     1477.      895.     -895.       25.      659.      724.
ATM6	DATE47	    -1866.    -1003.     1003.     1309.      957.     1088.
ATM6	DATE48	     1810.      801.     -801.      470.     -836.     1449.
ATM6	DATE49	     2705.      623.     -623.      223.     -445.     1045.
ATM6	DATE50	    -1281.     -624.      624.      106.     2196.     1292.
ATM6	DATE51	     -247.      210.     -210.      854.     -432.     1538.
ATM6	DATE52	    -1396.    -1861.     1861.     1097.     -725.     3692.
ATM6	DATE53	       38.       91.      -91.       28.     -517.     1036.
ATM6	DATE54	     5527.     -227.      227.      683.     -754.     1390.
ATM6	DATE55	     6008.     -806.      806.      638.      124.     2284.
ATM6	DATE56	     1675.     1979.    -1979.      541.    -1645.     1667.
ATM6	DATE57	     -372.     -455.      455.     1456.      -41.     2007.
ATM6	DATE58	    -1191.     -498.      498.      661.    -1461.     4272.
ATM6	DATE59	     2704.     1334.    -1334.     1133.    -1494.     2084.
ATM6	DATE60	     1456.      467.     -467.     1411.    -2492.     2756.
ATM6	DATE61	     -196.     -836.      836.       63.     1575.      475.
ATM6	DATE62	     1801.    -2179.     2179.      926.     2792.      688.
ATM6	DATE63	     2666.      922.     -922.      714.    -1367.     2759.
ATM6	DATE64	      226.     -173.      173.      443.    -2413.     3651.
ATM6	DATE65	     -255.     1417.    -1417.     1094.     -223.     2515.
ATM6	DATE66	     3888.     1479.    -1479.     1197.     -886.     1594.
ATM6	DATE67	     1529.      629.     -629.      199.     1429.      680.
ATM6	DATE68	     -591.    -2150.     2150.      574.     2396.       18.
ATM6	DATE69	      397.     1075.    -1075.     2962.       86.      700.
ATM6	DATE70	      555.     -104.      104.      386.    -2266.     2563.
ATM6	DATE71	    -1811.     -556.      556.      434.     -136.     1979.
ATM6	DATE72	    -1253.      443.     -443.      162.      144.     1234.
ATM6	DATE73	     -613.      912.     -912.      909.     -301.     1825.
ATM6	DATE74	     1201.      608.     -608.     1313.     -422.     2055.
ATM6	DATE75	     -391.     -354.      354.      216.     -247.     1774.
ATM6	DATE76	      922.     -739.      739.      145.     -249.     3435.
ATM6	DATE77	      182.     1810.    -1810.      637.     -340.      629.
ATM6	DATE78	     -365.      -87.       87.     2041.     -929.     2564.
ATM6	DATE79	    -3153.    -3358.     3358.      294.     3398.      469.
ATM6	DATE80	     5934.     1970.    -1970.      323.    -3229.     4073.
ATM6	DATE81	     2537.    -1096.     1096.      224.      775.      709.
ATM6	DATE82	     1708.     1253.    -1253.     1553.    -1718.     2981.
ATM6	DATE83	      998.     1451.    -1451.      258.    -1556.     3117.
ATM6	DATE84	     -160.      719.     -719.      373.     -146.      558.
ATM6	DATE85	    -1091.     -703.      703.      242.     -293.     2142.
ATM6	DATE86	     6201.      417.     -417.     2133.      340.       85.
ATM6	DATE87	     -389.    -1907.     1907.      121.     2064.      796.
ATM6	DATE88	     -727.      822.     -822.      389.     -246.     1600.
ATM6	DATE89	     3659.     1370.    -1370.      238.     2456.       97.
ATM6	DATE90	     -942.     1086.    -1086.      294.     -930.     2044.
ATM6	DATE91	       11.     -808.      808.       87.      338.      662.
ATM6	DATE92	     4521.     1917.    -1917.      826.     -145.      231.
ATM6	DATE93	     8409.      866.     -866.      717.    -1572.     2216.
ATM6	DATE94	     2141.     1047.    -1047.     1719.    -2773.     3449.
ATM6	DATE95	     2951.     -427.      427.      218.     -454.     1018.
ATM6	DATE96	     1853.       66.      -66.      563.    -1556.     2930.
ATM6	DATE97	     1504.     2190.    -2190.      661.     -131.      874.
ATM6	DATE98	      844.    -1374.     1374.     1406.     1746.     1038.
ATM6	DATE99	    -1281.    -2729.     2729.        5.      183.     3095.
ATM7	DATE0	     -870.     1333.    -1333.     1007.    -1120.     2106.
ATM7	DATE1	    -2003.     -799.      799.       45.      970.     1307.
ATM7	DATE2	     -873.     1153.    -1153.     1269.     1238.      606.
ATM7	DATE3	    -1330.    -2451.     2451.      339.     1468.     1027.
ATM7	DATE4	     -485.     -836.      836.     1891.     -504.     1654.
ATM7	DATE5	     2143.    -3106.     3106.     1502.     -376.     3511.
ATM7	DATE6	     3404.     1951.    -1951.      204.    -1690.     2535.
ATM7	DATE7	     -172.     -889.      889.      470.     -152.     1721.
ATM7	DATE8	     -649.     2085.    -2085.     1026.     -541.     1619.
ATM7	DATE9	     2734.     1841.    -1841.      355.    -2583.     2812.
ATM7	DATE10	     -760.     1560.    -1560.      389.    -2449.     3246.
ATM7	DATE11	     -168.     1499.    -1499.     2496.     -684.     1043.
ATM7	DATE12	    -1328.    -3041.     3041.     3390.     2677.      559.
ATM7	DATE13	     -157.     1207.    -1207.     1160.      406.      671.
ATM7	DATE14	      785.      -73.       73.      888.      251.     1111.
ATM7	DATE15	    -1553.     -938.      938.     1424.     -254.     2029.
ATM7	DATE16	     1512.    -1940.     1940.     1029.     2326.      744.
ATM7	DATE17	     4788.     1217.    -1217.      289.     -696.     1575.
ATM7	DATE18	    -2501.    -1139.     1139.       70.     2318.      195.
ATM7	DATE19	     6884.      368.     -368.     2500.    -1032.     1937.
ATM7	DATE20	     1286.     -244.      244.     2017.     -173.     2545.
ATM7	DATE21	    -1109.     -891.      891.     2328.     -643.     2774.
ATM7	DATE22	    -1784.     -310.      310.      869.     -110.     2401.
ATM7	DATE23	     -113.      605.     -605.      258.      -92.     2101.
ATM7	DATE24	      955.     -223.      223.      893.      -47.     1046.
ATM7	DATE25	     5202.      -28.       28.     2072.    -1061.     3558.
ATM7	DATE26	     1837.     1369.    -1369.      567.    -2281.     2304.
ATM7	DATE27	     -318.     -585.      585.     1242.     1051.      997.
ATM7	DATE28	     2830.    -2317.     2317.      349.     2400.     1047.
ATM7	DATE29	    -3113.    -1774.     1774.      524.      815.     2478.
ATM7	DATE30	     -574.      762.     -762.     2355.      945.      583.
ATM7	DATE31	     -695.       30.      -30.      173.    -1165.     2475.
ATM7	DATE32	     4600.      667.     -667.      481.    -1128.     1891.
ATM7	DATE33	     1308.      299.     -299.      340.     -131.      956.
ATM7	DATE34	     -742.     -937.      937.     1201.      849.     1521.
ATM7	DATE35	      635.     1681.    -1681.     1438.    -1267.     1979.
ATM7	DATE36	     5066.      531.     -531.      508.    -3549.     3887.
ATM7	DATE37	    10685.    -1018.     1018.       78.     1058.      117.
ATM7	DATE38	     6740.     2974.    -2974.     4218.      235.       35.
ATM7	DATE39	     3858.      577.     -577.       19.      -20.     1753.
ATM7	DATE40	     -459.     1183.    -1183.      124.      392.      844.
ATM7	DATE41	      958.      764.     -764.      824.    -1334.     2146.
ATM7	DATE42	     2334.      426.     -426.       16.      505.      389.
ATM7	DATE43	     1519.     2366.    -2366.      719.     -763.     1051.
ATM7	DATE44	    11488.     2051.    -2051.     1129.    -1796.     1894.
ATM7	DATE45	    -1782.      469.     -469.      128.    -1402.     3633.
ATM7	DATE46	     4314.     1791.    -1791.      968.    -1094.     1844.
ATM7	DATE47	    -2697.    -2712.     2712.     3412.      546.     2428.
ATM7	DATE48	    -1708.     1128.    -1128.      726.     1929.      605.
ATM7	DATE49	    -1345.    -1743.     1743.      412.      541.     1401.
ATM7	DATE50	     -485.      219.     -219.     1626.      428.     2366.
ATM7	DATE51	     6282.      281.     -281.     1934.       29.      890.
ATM7	DATE52	    -1956.    -1426.     1426.      724.     2139.      995.
ATM7	DATE53	     5865.     -816.      816.     1365.    -2915.     4657.
ATM7	DATE54	      569.      307.     -307.      815.      580.      164.
ATM7	DATE55	    -1580.      648.     -648.     2106.     2593.       31.
ATM7	DATE56	     -306.     -837.      837.     1625.      308.     1587.
ATM7	DATE57	      923.     2439.    -2439.      293.    -1996.     2257.
ATM7	DATE58	       76.    -2349.     2349.     1062.      756.     2757.
ATM7	DATE59	     5725.      229.     -229.     3051.     -367.     1104.
ATM7	DATE60	     5883.     1562.    -1562.      988.       58.      536.
ATM7	DATE61	      431.     1135.    -1135.       89.    -3266.     3363.
ATM7	DATE62	     -536.    -1146.     1146.       32.    -1051.     2611.
ATM7	DATE63	     1229.     -767.      767.      484.     2445.      398.
ATM7	DATE64	    -1008.     -363.      363.      220.      878.      845.
ATM7	DATE65	    -1293.      290.     -290.      227.    -1345.     4203.
ATM7	DATE66	      972.      774.     -774.     1410.    -1327.     2273.
ATM7	DATE67	    -1276.     -246.      246.       30.    -2121.     3495.
ATM7	DATE68	     1197.     -232.      232.      325.      312.      919.
ATM7	DATE69	     2446.       71.      -71.      864.     -924.     2160.
ATM7	DATE70	      120.    -1192.     1192.      415.     -857.     3308.
ATM7	DATE71	    -1303.      370.     -370.     2340.    -2151.     3673.
ATM7	DATE72	     -511.     -692.      692.       35.     -552.     1340.
ATM7	DATE73	    11238.     -565.      565.     2141.     -647.     2046.
ATM7	DATE74	     -252.     -496.      496.      682.     2622.       33.
ATM7	DATE75	      608.      316.     -316.       42.      544.      618.
ATM7	DATE76	      959.      103.     -103.      674.     1176.      537.
ATM7	DATE77	      340.     -762.      762.      876.      710.     1136.
ATM7	DATE78	     6532.      428.     -428.       27.     -489.     1970.
ATM7	DATE79	     4353.     1642.    -1642.      700.    -3404.     3574.
ATM7	DATE80	       72.     1041.    -1041.      436.       92.      615.
ATM7	DATE81	     6522.     1024.    -1024.      284.     -482.     1889.
ATM7	DATE82	     -524.     -831.      831.     3287.       89.     1026.
ATM7	DATE83	      497.     2655.    -2655.      171.     -332.     1576.
ATM7	DATE84	     6369.    -1583.     1583.     1313.     2022.      893.
ATM7	DATE85	     3734.      553.     -553.     1101.     -678.     1820.
ATM7	DATE86	    10417.      991.     -991.      316.    -3111.     3803.
ATM7	DATE87	     2787.       22.      -22.      209.      -83.     2413.
ATM7	DATE88	     6157.     3175.    -3175.     1870.      511.      185.
ATM7	DATE89	      112.     1542.    -1542.     1956.    -2072.     2626.
ATM7	DATE90	     -661.    -1517.     1517.      380.      689.     1656.
ATM7	DATE91	     -924.     -675.      675.      949.    -2019.     3751.
ATM7	DATE92	     1890.     -583.      583.     1577.      524.     1789.
ATM7	DATE93	    -2310.     -797.      797.     1759.     2656.      986.
ATM7	DATE94	      283.      -69.       69.      930.     -740.     2545.
ATM7	DATE95	     1167.     1219.    -1219.      848.    -2524.     2733.
ATM7	DATE96	     7847.     3345.    -3345.      870.    -2165.     2265.
ATM7	DATE97	     2195.     2468.    -2468.      193.     1093.      277.
ATM7	DATE98	      410.      961.     -961.      560.    -1461.     1622.
ATM7	DATE99	     1143.      567.     -567.     2814.     -235.     1680.
ATM8	DATE0	    -1746.    -3005.     3005.       90.     1334.     2112.
ATM8	DATE1	    -3090.      865.     -865.     1452.     2425.      831.
ATM8	DATE2	     1885.     -722.      722.      994.     1813.      133.
ATM8	DATE3	     2039.    -1619.     1619.     1618.     -290.     3077.
ATM8	DATE4	    -1969.    -1937.     1937.     1487.      882.     2007.
ATM8	DATE5	      107.     1644.    -1644.     1208.     -820.     1790.
ATM8	DATE6	    -2705.    -1244.     1244.      529.     2267.      667.
ATM8	DATE7	      532.     3548.    -3548.     1694.     -892.     2173.
ATM8	DATE8	     4261.     -276.      276.      255.    -2733.     3299.
ATM8	DATE9	     -935.      -84.       84.      362.    -1038.     2051.
ATM8	DATE10	     1011.     1585.    -1585.     1271.    -2641.     3114.
ATM8	DATE11	    -1384.     2392.    -2392.      520.       52.     1748.
ATM8	DATE12	      209.     -630.      630.      175.      278.     2253.
ATM8	DATE13	       17.      615.     -615.      492.    -1463.     1701.
ATM8	DATE14	    -1484.     -553.      553.     1515.      964.     1646.
ATM8	DATE15	     6803.    -1029.     1029.      293.      436.     1370.
ATM8	DATE16	     6850.    -1026.     1026.      345.     1675.       43.
ATM8	DATE17	     1188.       24.      -24.     2104.    -1752.     2327.
ATM8	DATE18	     1173.     2133.    -2133.     1205.    -1606.     1732.
ATM8	DATE19	      770.     1059.    -1059.     6003.    -1393.     3354.
ATM8	DATE20	       87.      411.     -411.     1915.     1848.      170.
ATM8	DATE21	     1278.      257.     -257.      445.     -241.     2268.
ATM8	DATE22	     7169.     2968.    -2968.      843.     -112.      353.
ATM8	DATE23	     1699.       26.      -26.      942.      814.      640.
ATM8	DATE24	     6732.     -155.      155.      481.     1076.      227.
ATM8	DATE25	      -77.     1922.    -1922.      380.      767.       47.
ATM8	DATE26	     2067.      411.     -411.      269.      219.     1789.
ATM8	DATE27	    -2779.    -1240.     1240.     1437.     -895.     3792.
ATM8	DATE28	      741.     1225.    -1225.      708.    -2466.     2666.
ATM8	DATE29	     2953.    -1039.     1039.     2682.     -780.     2414.
ATM8	DATE30	     4558.    -2915.     2915.     1276.      852.     2493.
ATM8	DATE31	      230.      717.     -717.      826.    -1076.     1635.
ATM8	DATE32	     4171.     -771.      771.      965.     -101.     1143.
ATM8	DATE33	    -2521.    -1249.     1249.      190.     1522.     1076.
ATM8	DATE34	     1819.     1050.    -1050.     2882.    -1308.     2818.
ATM8	DATE35	     -373.       78.      -78.     1734.      316.     1464.
ATM8	DATE36	     3667.     2921.    -2921.     1228.    -2176.     2404.
ATM8	DATE37	     -264.     1338.    -1338.      660.     1586.      318.
ATM8	DATE38	     8401.     2463.    -2463.     1758.    -2101.     2789.
ATM8	DATE39	     6188.    -1225.     1225.      759.    -1920.     3235.
ATM8	DATE40	    -2145.     -989.      989.      479.     1231.     1550.
ATM8	DATE41	     -957.    -1403.     1403.      919.     1572.     1099.
ATM8	DATE42	     6175.     1928.    -1928.      207.    -1069.     1781.
ATM8	DATE43	    -2218.    -1201.     1201.      129.       98.     2779.
ATM8	DATE44	     2144.    -1320.     1320.      579.      315.     1950.
ATM8	DATE45	    -2461.    -2137.     2137.       65.     1502.     1653.
ATM8	DATE46	    -1009.      215.     -215.      283.    -1504.     3085.
ATM8	DATE47	     -384.     -643.      643.      147.     -412.     1156.
ATM8	DATE48	     2275.      658.     -658.      477.    -1852.     1873.
ATM8	DATE49	     5047.      647.     -647.     1440.     -754.      943.
ATM8	DATE50	     -923.      569.     -569.      932.    -1085.     2439.
ATM8	DATE51	    -1463.    -1569.     1569.      454.     1415.     1474.
ATM8	DATE52	     3400.      657.     -657.      468.     -139.     2116.
ATM8	DATE53	      143.     -223.      223.     2737.     -727.     2703.
ATM8	DATE54	     1278.      318.     -318.     2498.      418.     1323.
ATM8	DATE55	    -1021.      479.     -479.     1000.     1996.     1065.
ATM8	DATE56	      400.      764.     -764.      280.     -536.      705.
ATM8	DATE57	     8883.     3865.    -3865.     2474.    -1644.     1727.
ATM8	DATE58	    -1874.    -1530.     1530.     1679.     1383.      696.
ATM8	DATE59	     4707.      268.     -268.     1720.     1013.      843.
ATM8	DATE60	      380.     -748.      748.     1328.      -33.     2138.
ATM8	DATE61	    -1644.    -1263.     1263.      816.    -1358.     3037.
ATM8	DATE62	     -504.      478.     -478.      486.    -1202.     2102.
ATM8	DATE63	    -2795.     -838.      838.      145.     2976.     1029.
ATM8	DATE64	     2308.     -203.      203.      249.    -2494.     3638.
ATM8	DATE65	    -1870.    -2850.     2850.      914.     2726.     1053.
ATM8	DATE66	    -3001.     -830.      830.      350.     2033.     1844.
ATM8	DATE67	       -4.     -838.      838.      310.     -779.     2796.
ATM8	DATE68	     -965.    -2169.     2169.      487.     1183.     1897.
ATM8	DATE69	     -348.     -296.      296.      526.    -1191.     3138.
ATM8	DATE70	     -891.     -880.      880.      472.    -2546.     4000.
ATM8	DATE71	      101.     -974.      974.      294.       72.     1987.
ATM8	DATE72	     1476.      948.     -948.      140.     -173.      946.
ATM8	DATE73	     3026.     2580.    -2580.      676.     -528.     1084.
ATM8	DATE74	      558.     -933.      933.      135.      559.     2112.
ATM8	DATE75	     4622.       77.      -77.       32.    -1723.     2845.
ATM8	DATE76	     2114.      847.     -847.     2204.     1020.      693.
ATM8	DATE77	    -1810.      140.     -140.     1755.    -2092.     4224.
ATM8	DATE78	      337.     -665.      665.      977.     1587.      454.
ATM8	DATE79	      363.     1483.    -1483.      982.     -881.     1874.
ATM8	DATE80	     -911.     -826.      826.     1028.       73.     1251.
ATM8	DATE81	     3370.     -246.      246.     1170.     -293.     1772.
ATM8	DATE82	     1002.     -486.      486.     2568.    -1903.     3304.
ATM8	DATE83	     1357.    -1218.     1218.     2116.     1569.      864.
ATM8	DATE84	     -862.    -1070.     1070.      228.    -1412.     2832.
ATM8	DATE85	     -450.     -395.      395.     1107.    -2180.     2632.
ATM8	DATE86	      453.      -93.       93.      851.    -1144.     1385.
ATM8	DATE87	      108.     2405.    -2405.     2024.    -2466.     2797.
ATM8	DATE88	     5629.     1016.    -1016.     2620.    -2983.     3318.
ATM8	DATE89	     2363.     -307.      307.      264.     -999.     2041.
ATM8	DATE90	    -2397.     -807.      807.       81.      651.     1962.
ATM8	DATE91	      437.      288.     -288.      174.    -1911.     3661.
ATM8	DATE92	      298.     1578.    -1578.      662.    -1073.     2569.
ATM8	DATE93	     1915.     -105.      105.      638.     1761.      388.
ATM8	DATE94	    -1782.     -706.      706.      971.     2032.      597.
ATM8	DATE95	      -88.     1044.    -1044.      485.     1144.      234.
ATM8	DATE96	     -775.     -314.      314.      173.    -1351.     2965.
ATM8	DATE97	     2161.     -417.      417.      929.    -1566.     3065.
ATM8	DATE98	    10051.     1149.    -1149.      574.      446.      879.
ATM8	DATE99	      474.     -751.      751.      868.    -2008.     2920.
ATM9	DATE0	    -1090.      542.     -542.      150.      -87.     1803.
ATM9	DATE1	     1829.     1696.    -1696.     4125.      142.      649.
ATM9	DATE2	      474.     2149.    -2149.      539.    -3118.     3367.
ATM9	DATE3	     1201.      365.     -365.     3457.     -886.     1835.
ATM9	DATE4	    -1033.    -1340.     1340.      279.      541.     1815.
ATM9	DATE5	     -572.    -1151.     1151.      229.      905.      990.
ATM9	DATE6	     1690.     2622.    -2622.     1118.     -555.      972.
ATM9	DATE7	     -367.     1464.    -1464.      151.     -314.      769.
ATM9	DATE8	     -323.     2420.    -2420.      342.    -2793.     3190.
ATM9	DATE9	     -553.      -85.       85.     1549.     -139.     2532.
ATM9	DATE10	    -1959.    -1542.     1542.      250.      127.     2183.
ATM9	DATE11	      -99.      463.     -463.     1756.    -2410.     2614.
ATM9	DATE12	      -19.    -2942.     2942.     1755.      503.     2715.
ATM9	DATE13	      897.     2688.    -2688.     1597.      162.      719.
ATM9	DATE14	     4577.    -3125.     3125.      310.     -804.     4155.
ATM9	DATE15	      698.    -2037.     2037.     4874.      924.     1226.
ATM9	DATE16	     -114.     -869.      869.      608.       26.     2281.
ATM9	DATE17	     3597.     3244.    -3244.      166.    -3087.     3455.
ATM9	DATE18	     -561.     -245.      245.      651.     2217.      805.
ATM9	DATE19	       -6.     1459.    -1459.       67.     -293.     1230.
ATM9	DATE20	     4587.     1013.    -1013.     2473.     -713.     1055.
ATM9	DATE21	     -372.     1348.    -1348.      660.      572.      335.
ATM9	DATE22	     -650.     -857.      857.      170.     -682.     1913.
ATM9	DATE23	     -453.     1568.    -1568.      963.    -2272.     3056.
ATM9	DATE24	     -529.    -1946.     1946.      646.     1865.     1291.
ATM9	DATE25	    -1117.     -768.      768.     1659.     1099.      212.
ATM9	DATE26	     -100.       90.      -90.      947.    -2430.     3844.
ATM9	DATE27	      981.      -56.       56.     2010.    -2834.     4510.
ATM9	DATE28	     1983.      788.     -788.     2295.    -1709.     2400.
ATM9	DATE29	     1018.     -321.      321.      383.     3023.       93.
ATM9	DATE30	       67.      568.     -568.     2701.      209.     2394.
ATM9	DATE31	       -0.      404.     -404.      247.    -1154.     1717.
ATM9	DATE32	     4033.      705.     -705.     3200.     -161.     1467.
ATM9	DATE33	     3104.     -488.      488.     1591.    -1788.     2999.
ATM9	DATE34	    -1282.    -1564.     1564.       56.     1436.     1469.
ATM9	DATE35	     1169.     1369.    -1369.      607.      475.      820.
ATM9	DATE36	     -953.      -48.       48.     2152.     -919.     2174.
ATM9	DATE37	    -3408.    -2672.     2672.       93.      266.     3420.
ATM9	DATE38	     2587.    -1161.     1161.     4802.      523.     2564.
ATM9	DATE39	     3704.     2043.    -2043.       23.    -2149.     2637.
ATM9	DATE40	    -1355.     1029.    -1029.     1076.      208.     1656.
ATM9	DATE41	    -1116.     -502.      502.      107.      640.      549.
ATM9	DATE42	     1188.      212.     -212.      279.      296.     1031.
ATM9	DATE43	    11394.     -630.      630.       42.     -771.     2258.
ATM9	DATE44	     -747.     -589.      589.     1000.     1858.      331.
ATM9	DATE45	    -1089.    -1841.     1841.      178.    -1655.     4326.
ATM9	DATE46	      -43.     -178.      178.       68.     1178.      978.
ATM9	DATE47	     1150.      101.     -101.     2033.    -4193.     4242.
ATM9	DATE48	     3351.    -1191.     1191.       86.     -812.     2437.
ATM9	DATE49	    -2596.     -734.      734.     1334.     1557.     1310.
ATM9	DATE50	     1405.     -641.      641.      197.     1514.     1174.
ATM9	DATE51	     6157.     1986.    -1986.      525.    -1275.     2599.
ATM9	DATE52	     3224.     -674.      674.      786.     -481.     2520.
ATM9	DATE53	    -3372.    -3085.     3085.     1073.     3650.       54.
ATM9	DATE54	     4007.     1157.    -1157.     1200.    -2653.     2893.
ATM9	DATE55	     5797.     1643.    -1643.     1205.    -1660.     1969.
ATM9	DATE56	     4050.      808.     -808.      437.     -440.     2454.
ATM9	DATE57	    -2075.      170.     -170.      240.      898.     1256.
ATM9	DATE58	      202.     1456.    -1456.       13.      232.      935.
ATM9	DATE59	       70.     -506.      506.     1275.      598.      851.
ATM9	DATE60	     3250.      577.     -577.      396.       29.     1635.
ATM9	DATE61	     -255.     -715.      715.     1206.      146.     1279.
ATM9	DATE62	     3677.      339.     -339.     1790.    -1774.     2288.
ATM9	DATE63	     1272.     -469.      469.      395.      860.     2672.
ATM9	DATE64	    -1608.    -1530.     1530.      762.      480.     2085.
ATM9	DATE65	     2601.     2094.    -2094.     1515.    -3292.     3526.
ATM9	DATE66	     1808.      643.     -643.     1589.      301.     1940.
ATM9	DATE67	     2009.     1424.    -1424.       52.    -3921.     4555.
ATM9	DATE68	    -1822.     -728.      728.     1730.     -820.     2873.
ATM9	DATE69	     -459.     -707.      707.      290.     -442.     1245.
ATM9	DATE70	     2888.    -1011.     1011.     1239.    -1271.     2436.
ATM9	DATE71	     2454.     1888.    -1888.     1250.      733.      459.
ATM9	DATE72	     -458.     -580.      580.      535.    -2805.     3863.
ATM9	DATE73	     -484.     3227.    -3227.     1041.      164.      413.
ATM9	DATE74	     1139.      682.     -682.       58.     -998.     1248.
ATM9	DATE75	    -2470.    -1339.     1339.     3292.      984.     1844.
ATM9	DATE76	     9270.      687.     -687.     1025.       18.      688.
ATM9	DATE77	     5682.      528.     -528.     1314.      -37.     1101.
ATM9	DATE78	     1030.     -559.      559.     1641.     -117.     1804.
ATM9	DATE79	    -1571.     -218.      218.     2005.    -2439.     4083.
ATM9	DATE80	     -179.     2393.    -2393.     1424.      710.      980.
ATM9	DATE81	    -1300.     1760.    -1760.      215.     1015.      522.
ATM9	DATE82	    -1892.     -403.      403.      283.    -1994.     4035.
ATM9	DATE83	      116.       46.      -46.      237.     -960.     1870.
ATM9	DATE84	     4213.      879.     -879.     1067.     -807.     1083.
ATM9	DATE85	      894.     -454.      454.     3130.     1663.     1484.
ATM9	DATE86	     2155.     1845.    -1845.       67.     -489.     1156.
ATM9	DATE87	     2785.     1953.    -1953.     1271.       20.      553.
ATM9	DATE88	      482.    -1649.     1649.      436.     2684.      153.
ATM9	DATE89	    -1170.      160.     -160.     2788.     1511.     1867.
ATM9	DATE90	     2289.      168.     -168.     1487.     1041.     1603.
ATM9	DATE91	     -907.      -14.       14.       82.      182.      816.
ATM9	DATE92	     1227.     -215.      215.      886.      -68.     1375.
ATM9	DATE93	     3746.     1944.    -1944.      275.     -409.      866.
ATM9	DATE94	      709.     2337.    -2337.      448.      504.     1240.
ATM9	DATE95	    -2843.    -2388.     2388.       13.      494.     2664.
ATM9	DATE96	     7079.      686.     -686.       31.       46.     1180.
ATM9	DATE97	     5220.     1554.    -1554.     1640.    -3215.     3279.
ATM9	DATE98	    -1544.     -600.      600.      477.     -330.     2669.
ATM9	DATE99	     1458.     -852.      852.      805.      806.      542.
