a	d	CA	CB	CC	CD	CD	CE	CW
ATM0	DATE0	     7327.     3161.    -3161.      485.    -1654.     1702.
ATM0	DATE1	      841.    -2971.     2971.      936.      620.     3212.
ATM0	DATE2	    -1783.       83.      -83.     1160.      382.     2164.
ATM0	DATE3	     -550.    -1366.     1366.      139.     1031.      567.
ATM0	DATE4	      908.      236.     -236.      796.     -243.     2042.
ATM0	DATE5	     1128.     1577.    -1577.     1863.     -170.      859.
ATM0	DATE6	    -1850.      188.     -188.      256.    -2452.     4582.
ATM0	DATE7	    -1117.      130.     -130.     1082.     -221.     2775.
ATM0	DATE8	     1475.     -838.      838.      235.      499.     1962.
ATM0	DATE9	      449.    -1912.     1912.      541.     2144.      722.
ATM0	DATE10	    -1354.    -2484.     2484.     1195.     2887.       54.
ATM0	DATE11	    -2459.    -2350.     2350.      423.     2593.      965.
ATM0	DATE12	     -887.      972.     -972.     1063.      809.     1364.
ATM0	DATE13	    -1133.      405.     -405.     2728.      901.     1361.
ATM0	DATE14	     1103.      -67.       67.      801.      123.     1185.
ATM0	DATE15	      -21.     -929.      929.      295.      567.      790.
ATM0	DATE16	     1890.      886.     -886.       62.      182.     1556.
ATM0	DATE17	     2724.     2050.    -2050.     1818.     -297.      816.
ATM0	DATE18	     1997.    -2848.     2848.      436.     3760.       98.
ATM0	DATE19	     9291.      359.     -359.      515.     1189.     1104.
ATM0	DATE20	      454.     1524.    -1524.      532.    -1869.     2414.
ATM0	DATE21	     2395.     1145.    -1145.      692.    -1495.     2368.
ATM0	DATE22	      967.     1053.    -1053.     2432.    -1881.     2460.
ATM0	DATE23	      -27.      788.     -788.     1323.      701.     1098.
ATM0	DATE24	    -2123.    -1223.     1223.      664.      114.     2244.
ATM0	DATE25	     -185.     -711.      711.     1460.    -1060.     2966.
ATM0	DATE26	     4751.     1324.    -1324.      375.      308.      749.
ATM0	DATE27	     4587.      691.     -691.     3130.    -1525.     2696.
ATM0	DATE28	    -1427.      459.     -459.      439.    -1954.     3894.
ATM0	DATE29	     -809.       69.      -69.       15.       87.     1830.
ATM0	DATE30	     -302.     -590.      590.      943.      449.     1849.
ATM0	DATE31	    -2810.    -3217.     3217.     1419.     2569.      941.
ATM0	DATE32	    -2123.     -362.      362.     1054.      911.     1236.
ATM0	DATE33	     -576.    -1766.     1766.       72.     -316.     2811.
ATM0	DATE34	     4443.      296.     -296.      154.    -1982.     2839.
ATM0	DATE35	     3796.     -255.      255.      309.     -326.     2246.
ATM0	DATE36	      833.     -266.      266.     1775.    -1826.     2890.
ATM0	DATE37	     1562.     1062.    -1062.      632.    -3448.     3762.
ATM0	DATE38	    -2518.    -2082.     2082.     1344.     2715.      255.
ATM0	DATE39	     2130.      858.     -858.      552.      742.      792.
ATM0	DATE40	      578.      167.     -167.      574.    -2737.     3300.
ATM0	DATE41	     7775.    -1307.     1307.      665.     -247.     2018.
ATM0	DATE42	     4381.    -2007.     2007.      997.     1138.     1582.
ATM0	DATE43	     7363.     1750.    -1750.     1483.    -2445.     2742.
ATM0	DATE44	     7285.      -22.       22.     2434.    -1851.     2647.
ATM0	DATE45	    -1304.      204.     -204.      127.    -1282.     2776.
ATM0	DATE46	    -2148.     1935.    -1935.      138.     1158.     1465.
ATM0	DATE47	    -1319.      -76.       76.       18.    -2236.     3794.
ATM0	DATE48	     3405.     2276.    -2276.      181.    -1468.     2328.
ATM0	DATE49	     8687.     2729.    -2729.      185.     1634.      810.
ATM1	DATE0	     3607.     -638.      638.       72.    -2565.     3357.
ATM1	DATE1	     -512.     -325.      325.      326.     1363.      525.
ATM1	DATE2	     -354.    -2327.     2327.      330.      465.     2121.
ATM1	DATE3	     -621.    -1267.     1267.     1263.     3076.      257.
ATM1	DATE4	     -827.    -1002.     1002.      620.     2006.      413.
ATM1	DATE5	      388.      759.     -759.      955.    -1694.     1767.
ATM1	DATE6	      466.     -839.      839.      912.      642.      319.
ATM1	DATE7	     3017.     2401.    -2401.     1120.    -1631.     3459.
ATM1	DATE8	     2670.     -314.      314.       63.    -1069.     2927.
ATM1	DATE9	      119.      908.     -908.      919.    -1715.     1797.
ATM1	DATE10	     -887.     -606.      606.     2471.     -892.     2237.
ATM1	DATE11	      478.      921.     -921.      337.     1223.      302.
ATM1	DATE12	     3094.     1511.    -1511.      476.     -547.     1222.
ATM1	DATE13	    -2115.     -423.      423.      790.     -190.     3310.
ATM1	DATE14	     2183.      268.     -268.     1445.    -5044.     5239.
ATM1	DATE15	      -45.       99.      -99.     2437.      468.     1736.
ATM1	DATE16	     1771.    -1832.     1832.     1143.     2745.      415.
ATM1	DATE17	     -767.      -30.       30.        2.      981.     1181.
ATM1	DATE18	     -600.    -1461.     1461.     1414.      529.     1369.
ATM1	DATE19	     -755.     1445.    -1445.      862.     -104.     1196.
ATM1	DATE20	     3726.      290.     -290.      603.    -1503.     1667.
ATM1	DATE21	    -1233.    -1241.     1241.     1227.     1968.      419.
ATM1	DATE22	     2016.    -1616.     1616.      591.      884.     1793.
ATM1	DATE23	     1495.     2007.    -2007.     1733.    -1287.     2292.
ATM1	DATE24	      961.      -15.       15.      685.    -1187.     2638.
ATM1	DATE25	    -2877.    -3482.     3482.       34.     2455.     1172.
ATM1	DATE26	     -504.     -718.      718.      144.    -3190.     4430.
ATM1	DATE27	    -2658.    -1599.     1599.      543.     1366.     2052.
ATM1	DATE28	    -2506.     -331.      331.     3444.      936.     1648.
ATM1	DATE29	    -2736.    -2733.     2733.      898.     1028.     2064.
ATM1	DATE30	     3199.     1324.    -1324.     2399.      143.      314.
ATM1	DATE31	     4437.     1402.    -1402.      598.    -1230.     1664.
ATM1	DATE32	     -687.      788.     -788.     1481.    -2136.     3158.
ATM1	DATE33	     2412.    -1939.     1939.     2427.     1133.      980.
ATM1	DATE34	     1727.     1253.    -1253.      896.     -205.     1068.
ATM1	DATE35	     2204.      340.     -340.     5594.      689.     1240.
ATM1	DATE36	      393.      847.     -847.     1615.    -1135.     1775.
ATM1	DATE37	      336.     1776.    -1776.       22.     -411.      750.
ATM1	DATE38	     1563.    -1500.     1500.     1585.     -312.     3155.
ATM1	DATE39	     1687.      901.     -901.      312.     -147.      172.
ATM1	DATE40	     4747.     -196.      196.      806.    -1632.     1898.
ATM1	DATE41	     7325.      887.     -887.      121.      824.      357.
ATM1	DATE42	     2590.     -714.      714.     1129.        9.     2150.
ATM1	DATE43	     -847.     1561.    -1561.       92.      130.      880.
ATM1	DATE44	     -826.      190.     -190.      271.     -846.     2293.
ATM1	DATE45	       66.     -886.      886.      475.     -408.     1820.
ATM1	DATE46	     1260.      860.     -860.      219.      264.     1526.
ATM1	DATE47	     2547.      908.     -908.     1604.     -100.     1384.
ATM1	DATE48	     7473.     1557.    -1557.     1702.      -16.      356.
ATM1	DATE49	     2138.     -718.      718.       24.     2579.      607.
ATM2	DATE0	     4489.     -799.      799.     1208.      199.     1391.
ATM2	DATE1	    -2564.    -1719.     1719.     1246.      448.     2567.
ATM2	DATE2	     1780.     1516.    -1516.      113.     -235.      349.
ATM2	DATE3	      603.     -264.      264.      317.      654.      604.
ATM2	DATE4	     -805.     -952.      952.      707.      388.     1861.
ATM2	DATE5	     5318.     -309.      309.     2030.     1550.      775.
ATM2	DATE6	     -443.     -389.      389.      710.     -373.     1446.
ATM2	DATE7	     2015.     1350.    -1350.        7.    -1684.     2506.
ATM2	DATE8	      664.    -1435.     1435.       69.      -75.     3773.
ATM2	DATE9	     6027.     -496.      496.     2118.     1703.      897.
ATM2	DATE10	    -3211.    -1883.     1883.      967.     3242.      100.
ATM2	DATE11	     1825.     -434.      434.     1251.    -2609.     3354.
ATM2	DATE12	      801.     2605.    -2605.      308.    -2403.     3522.
ATM2	DATE13	     -629.        7.       -7.     1356.      326.     1889.
ATM2	DATE14	     -508.     -282.      282.     1649.     -967.     2330.
ATM2	DATE15	     3069.     3124.    -3124.      855.    -3299.     3320.
ATM2	DATE16	    -1883.    -2031.     2031.     1296.     1152.     1743.
ATM2	DATE17	    -1464.     -220.      220.      397.    -2060.     3530.
ATM2	DATE18	     -607.     -513.      513.      675.     -996.     1879.
ATM2	DATE19	     2910.      812.     -812.     1126.     -347.     1114.
ATM2	DATE20	     3571.      162.     -162.      808.     1083.     1469.
ATM2	DATE21	      503.     1269.    -1269.     1243.    -4375.     5140.
ATM2	DATE22	      622.      416.     -416.     3186.    -1173.     2061.
ATM2	DATE23	     -991.    -1256.     1256.     1784.     -625.     2349.
ATM2	DATE24	    -1669.    -1781.     1781.     1686.     2429.      617.
ATM2	DATE25	     2294.     1793.    -1793.     1713.     -136.      720.
ATM2	DATE26	     1060.      262.     -262.     2211.     -860.     2117.
ATM2	DATE27	    -1673.     -526.      526.     1292.     1402.      438.
ATM2	DATE28	     1146.      192.     -192.     2471.     1398.     1517.
ATM2	DATE29	     5215.    -1460.     1460.      138.     1367.     1878.
ATM2	DATE30	    -1496.     -652.      652.      114.     1449.      831.
ATM2	DATE31	     2949.      854.     -854.      430.      670.      815.
ATM2	DATE32	     2512.     2721.    -2721.      590.    -1612.     2323.
ATM2	DATE33	     1068.      830.     -830.      120.    -1501.     1939.
ATM2	DATE34	      852.      237.     -237.     1812.     -360.     1139.
ATM2	DATE35	     7904.    -1534.     1534.      190.     1548.      210.
ATM2	DATE36	     -356.      106.     -106.      106.     1880.      996.
ATM2	DATE37	     1940.     2515.    -2515.     2064.    -2037.     2303.
ATM2	DATE38	    -1301.    -2126.     2126.      902.      727.     2052.
ATM2	DATE39	    -2156.     -642.      642.      265.     1312.     1038.
ATM2	DATE40	     2011.      -89.       89.      803.     1062.      233.
ATM2	DATE41	     6431.     1472.    -1472.     1583.      221.      211.
ATM2	DATE42	    -2294.    -1021.     1021.     1784.     1836.     1026.
ATM2	DATE43	     -464.      595.     -595.     1496.    -3060.     4246.
ATM2	DATE44	     6539.    -2368.     2368.      628.     -881.     3610.
ATM2	DATE45	    -3576.    -3128.     3128.      604.     3557.      240.
ATM2	DATE46	     1982.      424.     -424.      497.    -1135.     1852.
ATM2	DATE47	     -425.     -613.      613.     1523.     1224.     1045.
ATM2	DATE48	    -2235.     -126.      126.     1939.     2292.      180.
ATM2	DATE49	      978.      466.     -466.      469.      450.     1902.
ATM3	DATE0	     -679.    -2678.     2678.     1242.     1383.     1415.
ATM3	DATE1	     3228.    -1382.     1382.      108.     -148.     2477.
ATM3	DATE2	    -1481.     -848.      848.     1571.    -1093.     3180.
ATM3	DATE3	      -76.      -14.       14.      276.     -529.     1075.
ATM3	DATE4	    -1405.     -663.      663.     1754.     -504.     1956.
ATM3	DATE5	     -283.     1757.    -1757.      494.     -405.     1888.
ATM3	DATE6	     -543.     -965.      965.     1348.     1793.      807.
ATM3	DATE7	     -644.     3797.    -3797.     2453.     -315.      977.
ATM3	DATE8	     1940.      205.     -205.      249.    -2979.     3891.
ATM3	DATE9	     8378.     -214.      214.     1401.     -179.     1793.
ATM3	DATE10	      202.    -2569.     2569.     1076.     3029.     1067.
ATM3	DATE11	     -985.      -27.       27.      427.      633.      514.
ATM3	DATE12	    -1584.     -622.      622.      420.     -582.     3403.
ATM3	DATE13	     1416.     -178.      178.      148.    -1350.     2599.
ATM3	DATE14	     6926.    -2552.     2552.      203.     2722.      621.
ATM3	DATE15	     5718.     1568.    -1568.     1483.      765.      277.
ATM3	DATE16	      304.     -191.      191.     1119.     -271.     2160.
ATM3	DATE17	     -556.     1046.    -1046.      792.     -620.     1753.
ATM3	DATE18	     1106.    -1712.     1712.      573.      981.     1365.
ATM3	DATE19	     1018.      848.     -848.      399.    -2254.     3106.
ATM3	DATE20	     1484.     2160.    -2160.     1108.     -495.      929.
ATM3	DATE21	      994.      291.     -291.      570.    -1501.     1670.
ATM3	DATE22	      303.    -1644.     1644.     1359.     1814.      593.
ATM3	DATE23	     2574.     1582.    -1582.      755.     -467.     1479.
ATM3	DATE24	      578.    -1126.     1126.       76.     1405.     2304.
ATM3	DATE25	     -867.     2917.    -2917.      701.     -948.     3029.
ATM3	DATE26	     3136.      -47.       47.     1108.      254.     2148.
ATM3	DATE27	    -1104.     -209.      209.     4507.     -206.     2265.
ATM3	DATE28	     6328.     2171.    -2171.      575.    -1535.     2584.
ATM3	DATE29	      661.     -579.      579.     1692.     1396.      984.
ATM3	DATE30	     3339.      854.     -854.      212.       63.     2064.
ATM3	DATE31	     7160.      142.     -142.     1465.     -537.     2505.
ATM3	DATE32	     2492.      706.     -706.       26.      361.     1754.
ATM3	DATE33	    -1976.    -2432.     2432.     2665.     1221.     1589.
ATM3	DATE34	    -1657.    -1235.     1235.     1192.      779.     1467.
ATM3	DATE35	    -1571.     1242.    -1242.      135.     -373.     2190.
ATM3	DATE36	     1022.     1601.    -1601.      337.     -201.      856.
ATM3	DATE37	     1243.       48.      -48.      149.    -1558.     2734.
ATM3	DATE38	     8599.    -1582.     1582.      344.      336.     2002.
ATM3	DATE39	    -1261.     1121.    -1121.      267.      431.     1022.
ATM3	DATE40	      510.     -342.      342.       62.     -649.     2154.
ATM3	DATE41	    -1761.    -1224.     1224.      136.     1178.     1172.
ATM3	DATE42	      -43.    -1742.     1742.      720.      196.     2318.
ATM3	DATE43	    -1801.     2538.    -2538.     2725.     -498.     2412.
ATM3	DATE44	      -22.    -1099.     1099.      345.     1878.      928.
ATM3	DATE45	     3058.      696.     -696.      153.      442.      925.
ATM3	DATE46	     4758.      -58.       58.      508.    -3031.     3669.
ATM3	DATE47	      284.      242.     -242.     1040.    -1760.     2926.
ATM3	DATE48	     4621.      518.     -518.     2104.    -3209.     3704.
ATM3	DATE49	       52.     1318.    -1318.      795.     -810.     2158.
ATM4	DATE0	     2148.     -537.      537.      881.     -875.     2147.
ATM4	DATE1	     3834.     -530.      530.     2018.      219.     2298.
ATM4	DATE2	     4391.     1877.    -1877.      315.    -1864.     2766.
ATM4	DATE3	      579.      -62.       62.      320.       -9.      748.
ATM4	DATE4	     -401.    -1964.     1964.     1063.    -1489.     3810.
ATM4	DATE5	    -1104.     -440.      440.     1247.      970.      400.
ATM4	DATE6	     -701.     2591.    -2591.     3787.     -284.     1596.
ATM4	DATE7	      997.      270.     -270.      286.      322.     1023.
ATM4	DATE8	     4533.     1147.    -1147.     2518.    -1676.     1762.
ATM4	DATE9	     1896.     1448.    -1448.      174.     -232.     1677.
ATM4	DATE10	     -455.      708.     -708.      665.    -1668.     2172.
ATM4	DATE11	     3098.     -552.      552.      500.    -1566.     3708.
ATM4	DATE12	     4774.    -1064.     1064.     1034.    -1597.     3446.
ATM4	DATE13	      755.     1328.    -1328.     1880.    -2881.     3255.
ATM4	DATE14	      630.      359.     -359.      545.    -1694.     1832.
ATM4	DATE15	    -3779.    -1243.     1243.       15.     2304.     1590.
ATM4	DATE16	    -1857.     -313.      313.      730.     1320.     2355.
ATM4	DATE17	     2425.      640.     -640.       18.    -1492.     2095.
ATM4	DATE18	    -1679.    -1269.     1269.      360.     -149.     3193.
ATM4	DATE19	     -955.     1759.    -1759.     2350.    -2647.     4433.
ATM4	DATE20	     1596.    -1071.     1071.     1041.      679.      924.
ATM4	DATE21	       33.      953.     -953.      303.     -133.      932.
ATM4	DATE22	    -2630.    -1197.     1197.     1294.     2588.      572.
ATM4	DATE23	     6155.      618.     -618.       88.    -1617.     3266.
ATM4	DATE24	     -225.     1685.    -1685.      879.      907.       64.
ATM4	DATE25	     -250.      982.     -982.      352.     -176.      650.
ATM4	DATE26	     9429.      499.     -499.      370.    -2444.     3678.
ATM4	DATE27	     -184.      228.     -228.     3931.     -815.     1645.
ATM4	DATE28	     -862.      966.     -966.     1160.       94.      875.
ATM4	DATE29	     2068.    -1517.     1517.      981.     1262.     2137.
ATM4	DATE30	     4621.      147.     -147.      901.     -332.     1049.
ATM4	DATE31	     2850.      -45.       45.      298.    -1714.     3079.
ATM4	DATE32	     2803.     -198.      198.     1105.        9.     1716.
ATM4	DATE33	     -375.    -1586.     1586.      487.      294.     3177.
ATM4	DATE34	      -33.       74.      -74.      618.      192.     1988.
ATM4	DATE35	     4899.      129.     -129.      205.    -2098.     2395.
ATM4	DATE36	      109.     -953.      953.     1673.    -1223.     3429.
ATM4	DATE37	      767.       88.      -88.      424.    -2848.     2864.
ATM4	DATE38	    -1042.     -773.      773.      101.      734.     1016.
ATM4	DATE39	     2646.     2575.    -2575.      221.     -438.      902.
ATM4	DATE40	     3381.     2076.    -2076.      293.     -919.     1220.
ATM4	DATE41	      828.     -396.      396.     2007.    -1455.     2787.
ATM4	DATE42	      510.      444.     -444.     1075.     -795.     1494.
ATM4	DATE43	     -904.    -1491.     1491.      573.      398.     1483.
ATM4	DATE44	     4469.      989.     -989.     1025.    -3425.     4790.
ATM4	DATE45	     7271.     1302.    -1302.      228.     2203.      168.
ATM4	DATE46	     2897.      429.     -429.      222.     -671.     2936.
ATM4	DATE47	     -811.     -799.      799.      117.    -1650.     2873.
ATM4	DATE48	     4108.      626.     -626.      909.    -1903.     1905.
ATM4	DATE49	     1766.     1741.    -1741.     1862.     -615.     1092.
