3
10 10 10 
20
11
21
20
20
20
15
9
11
16
19
17
18
20
19
19
16
16
8
10
22
16
8
8
13
15
8
11
20
16
18
9
12
8
13
10
21
20
18
8
14
14
11
16
12
14
13
20
14
19
15
20
13
15
20
18
15
12
21
11
13
17
20
18
17
10
12
22
14
13
16
13
21
11
21
17
17
7
11
13
8
8
21
20
13
13
9
16
20
12
20
15
17
21
19
19
8
21
15
7
17
9
9
19
6
13
19
16
19
19
9
14
17
6
17
15
18
14
14
7
16
14
7
19
6
18
19
8
16
6
13
20
17
16
18
8
17
8
20
15
13
8
9
9
15
11
12
19
6
20
13
17
14
15
8
7
13
8
18
16
9
10
7
20
6
10
8
17
13
14
18
6
8
13
9
9
20
15
8
12
7
15
15
15
16
17
9
16
20
7
11
15
11
13
6
17
10
15
6
5
12
13
13
21
12
13
7
13
13
22
11
15
17
17
11
10
7
13
20
22
18
12
11
17
13
7
8
20
19
19
9
20
8
21
10
21
10
8
13
8
13
19
12
13
21
13
15
8
13
21
21
20
16
17
8
10
13
16
14
10
12
15
8
19
14
17
8
9
17
21
9
8
18
20
13
8
10
21
8
8
10
12
19
10
21
11
12
13
19
10
8
16
18
8
19
16
9
20
9
19
3
14
4
7
5
8
11
10
2
12
10
15
11
5
6
6
6
11
4
14
1
11
10
8
14
11
7
5
7
9
16
15
13
12
5
8
3
16
17
10
2
10
15
11
4
3
7
8
12
8
10
12
8
3
9
5
4
14
14
15
11
6
12
7
15
15
12
7
5
3
5
5
17
3
5
4
11
16
9
5
5
9
6
4
16
13
2
13
17
16
8
14
10
12
9
6
16
13
7
12
8
9
12
22
15
17
14
14
11
11
11
18
16
21
11
16
23
20
21
15
17
22
13
13
21
23
9
20
23
15
11
9
22
21
14
14
22
12
19
16
15
13
13
23
19
15
15
10
18
19
16
11
19
20
23
23
19
15
11
19
14
20
12
13
12
19
11
11
23
15
19
13
12
23
20
22
22
18
23
23
21
14
11
23
19
18
22
14
16
16
16
12
13
20
10
16
15
12
10
21
13
8
10
6
11
5
7
9
12
18
6
15
17
12
13
9
8
8
14
12
14
5
15
7
12
15
19
6
6
10
17
4
7
4
8
16
11
15
18
15
14
9
8
8
6
8
17
17
12
13
12
19
7
18
6
18
18
17
17
11
17
6
15
11
6
18
8
12
5
13
15
16
10
17
5
12
7
10
16
6
10
15
12
11
14
13
10
5
10
15
11
16
17
13
15
12
13
19
12
7
6
10
5
16
2
13
12
4
6
5
5
11
15
4
12
15
13
8
6
5
8
7
1
11
9
15
9
2
9
8
5
5
1
16
11
9
12
6
12
8
16
8
2
7
12
14
7
16
13
4
5
5
8
12
6
2
10
13
9
10
5
12
12
1
12
11
8
4
13
4
6
11
3
13
12
16
15
16
6
14
13
9
8
8
8
5
12
15
5
16
7
13
10
9
2
6
3
8
15
6
15
21
16
20
16
11
10
15
15
11
22
17
7
16
19
10
11
13
20
15
21
20
9
20
13
9
19
18
12
21
15
9
13
14
17
11
15
21
13
8
19
15
13
14
16
17
8
19
7
20
19
13
18
20
9
10
13
14
12
9
12
19
11
17
16
13
20
10
11
17
17
16
18
8
7
12
10
9
16
10
22
12
15
9
15
9
11
14
15
22
15
11
19
10
20
13
15
10
22
19
13
26
13
18
24
13
18
20
14
25
17
27
20
27
12
26
27
18
19
19
20
14
23
25
24
26
16
17
27
24
19
13
22
19
23
27
20
15
20
13
13
16
13
27
8
15
21
18
14
27
16
27
26
17
21
23
22
13
18
26
27
21
18
19
13
16
16
15
15
26
14
16
26
17
14
17
26
24
22
19
15
26
19
13
20
21
16
17
21
13
15
20
22
27
25
24
16
22
18
18
12
11
9
7
1
9
9
13
9
7
12
12
6
7
8
9
10
12
12
15
8
12
13
10
1
11
13
8
12
13
6
10
9
9
9
6
12
6
13
8
8
7
7
8
8
3
9
5
3
4
7
15
10
6
8
11
12
8
5
15
10
6
15
6
4
11
13
11
9
15
11
11
10
6
7
14
15
10
6
7
7
6
9
8
4
9
13
9
7
7
8
13
9
8
6
6
15
10
12
8
