3
10 10 10 
3
10
10
15
17
8
17
17
11
10
12
11
10
8
11
13
15
8
5
9
9
11
8
8
17
8
6
6
12
12
9
13
11
8
17
10
5
16
15
15
15
11
8
8
8
8
3
5
5
6
11
12
6
8
9
12
14
4
14
16
14
13
12
7
4
3
7
6
8
5
10
6
5
16
11
10
13
3
3
16
12
4
16
15
9
7
16
12
9
6
2
4
13
17
5
9
10
5
12
14
15
15
10
20
10
19
14
17
18
14
23
9
14
12
17
10
12
12
19
22
16
11
14
23
20
16
23
24
11
20
15
16
19
22
19
11
16
15
18
10
20
23
10
16
11
10
16
20
12
17
10
9
20
14
16
15
12
21
22
14
22
18
12
23
15
13
9
22
19
10
15
21
17
22
20
18
22
18
13
17
10
19
24
20
10
22
18
12
9
18
15
22
17
24
18
23
22
23
24
12
13
12
13
17
7
16
12
18
14
15
8
11
14
12
12
15
11
5
13
5
5
10
19
16
14
17
10
5
8
8
14
16
16
8
13
18
19
12
9
5
15
12
11
16
12
19
12
17
12
12
10
5
9
17
16
10
14
12
11
18
17
4
13
6
5
8
7
9
14
15
13
14
9
5
12
5
4
11
4
10
12
19
16
12
9
5
15
13
15
8
13
5
12
6
6
12
9
7
17
18
17
10
5
8
9
6
6
6
13
6
9
11
17
15
20
6
12
11
12
20
19
10
16
16
8
12
19
10
10
12
19
13
7
11
15
18
12
8
19
19
7
13
16
19
7
7
12
5
12
10
20
18
14
9
13
17
15
19
14
20
10
12
11
20
17
14
17
15
16
15
6
10
7
9
9
18
18
5
8
18
11
20
9
15
15
13
15
18
14
13
11
13
8
9
12
15
13
12
12
7
3
8
10
14
13
13
14
3
8
8
13
11
9
5
7
2
7
16
14
10
16
2
10
2
6
9
15
7
2
5
8
3
3
8
6
8
4
12
16
10
3
5
1
11
1
8
9
3
14
15
14
13
5
14
6
5
11
5
10
2
6
7
16
7
14
7
5
6
16
15
6
16
8
16
9
8
7
2
9
4
15
14
16
4
4
13
15
15
3
10
8
7
7
7
4
5
4
15
10
3
13
16
12
3
13
1
14
11
7
14
8
11
8
14
5
14
9
2
15
8
11
15
7
12
14
14
13
13
15
4
3
3
3
13
4
14
13
16
16
10
6
9
12
5
7
1
3
8
10
10
7
11
8
12
1
5
5
2
9
2
15
11
3
16
13
5
11
3
9
2
2
2
13
16
5
1
14
5
3
12
5
11
2
14
3
11
10
13
4
2
13
10
11
6
16
13
10
2
15
2
9
12
10
2
8
12
3
13
5
15
14
11
6
13
11
2
9
10
17
8
4
9
4
6
7
3
9
6
13
7
14
12
14
10
12
6
15
15
7
5
10
13
16
10
16
3
2
8
11
10
5
4
16
13
7
12
13
6
7
16
10
4
17
13
3
4
16
8
16
6
10
8
16
15
16
6
15
8
3
9
15
6
17
5
16
13
13
4
16
4
10
16
12
16
11
12
16
10
17
15
14
7
16
6
7
5
2
9
5
16
5
10
11
4
11
10
8
3
8
13
8
9
10
6
13
4
9
10
4
15
9
11
4
13
9
15
10
4
6
12
9
16
4
2
3
5
17
15
12
14
10
4
6
2
15
17
12
14
11
15
4
9
15
4
12
13
3
4
14
13
5
13
11
13
5
11
16
4
15
17
15
7
10
10
15
15
17
9
11
17
13
13
16
9
7
10
13
7
4
9
18
16
13
18
14
12
8
4
10
12
5
5
8
10
15
6
13
11
6
13
8
10
15
3
16
4
5
14
16
3
3
13
9
16
15
16
3
8
5
10
15
15
4
8
5
10
4
14
4
10
8
14
7
14
18
12
7
11
7
3
18
7
7
9
12
4
14
4
9
16
18
12
5
18
8
13
10
8
15
16
7
11
5
17
7
11
10
17
18
4
17
17
16
5
14
9
12
10
17
8
6
11
6
9
11
7
11
8
3
6
3
3
5
8
6
8
10
10
11
8
7
7
2
2
7
4
9
4
7
2
7
10
11
9
3
2
7
3
9
1
8
9
2
2
5
2
8
11
3
7
11
9
10
4
9
3
10
8
3
11
2
3
6
9
4
8
4
5
5
7
4
11
7
7
3
10
5
10
11
8
5
10
5
7
4
4
8
5
11
9
4
3
3
7
6
7
7
11
2
10
