3
10 10 10 
10
9
7
9
8
6
6
8
15
13
6
13
7
18
11
16
15
10
14
6
10
7
13
8
20
20
14
15
10
19
6
7
15
8
10
9
8
18
10
11
17
11
18
19
16
9
14
10
19
15
10
9
8
9
18
14
8
12
7
13
17
9
15
11
18
11
15
20
7
20
9
19
17
7
9
12
17
9
16
8
19
13
12
14
17
17
7
19
7
10
19
19
20
20
17
5
17
10
10
8
13
22
16
23
14
19
11
14
17
19
17
23
23
11
24
21
15
9
24
19
23
15
17
10
23
21
11
11
15
12
17
18
16
15
23
20
24
15
11
16
10
9
21
15
10
20
11
22
12
11
24
18
17
17
18
23
20
19
10
10
14
24
18
20
15
17
15
20
15
23
20
16
24
17
22
17
20
9
9
23
15
19
22
23
11
14
16
23
24
18
16
16
22
16
10
24
13
23
15
24
17
9
18
19
15
18
9
16
9
12
16
10
8
9
8
12
8
12
10
19
7
8
18
12
14
18
18
20
7
20
13
10
9
8
15
9
12
18
18
21
15
19
16
7
7
18
20
6
16
15
9
13
9
17
17
7
11
15
20
18
16
11
9
11
20
18
20
7
16
16
10
15
16
6
10
10
8
13
8
17
13
10
15
14
13
11
8
10
19
13
21
20
17
14
10
8
18
9
15
12
14
8
16
6
14
15
14
7
13
5
18
17
16
17
16
15
14
15
8
8
13
8
12
3
13
8
7
5
9
8
14
12
18
4
17
12
6
14
7
9
15
8
9
6
13
7
18
17
10
7
6
13
16
11
14
17
7
18
11
4
14
5
5
6
13
10
14
7
5
10
12
8
7
9
18
16
13
10
6
4
12
7
5
16
6
16
15
9
7
14
17
17
17
18
12
18
10
8
6
18
9
14
13
17
8
20
12
17
12
11
15
17
9
18
22
21
22
9
21
16
10
15
17
8
20
8
22
8
20
17
13
13
7
12
14
16
9
18
10
13
22
17
13
9
19
14
14
10
15
12
19
9
11
21
16
16
13
22
16
17
15
13
14
8
17
20
16
10
16
18
16
8
20
15
16
9
21
22
12
20
19
7
14
14
15
20
22
8
10
14
9
11
21
22
18
15
9
17
9
12
6
7
12
12
4
15
9
15
12
6
11
17
8
12
16
6
7
7
6
6
9
18
7
13
9
8
13
4
13
4
12
15
7
13
9
15
8
7
18
18
9
10
8
14
4
6
7
15
16
11
8
5
16
12
14
6
8
16
6
3
9
7
3
7
5
16
3
16
7
14
7
13
5
6
17
7
12
11
18
16
8
10
7
17
15
16
5
18
13
4
13
13
10
17
9
18
13
9
7
9
4
4
13
3
4
2
6
8
9
10
7
5
7
11
8
4
11
11
16
16
10
8
6
15
3
4
9
11
12
9
8
6
3
12
7
5
12
4
4
4
11
16
7
9
10
4
10
10
4
8
8
12
14
4
9
6
2
5
7
14
6
13
5
10
6
15
7
15
16
8
15
3
9
15
14
15
14
15
7
6
15
13
12
10
16
14
8
11
8
13
13
4
15
9
12
3
13
8
16
11
8
15
18
12
19
12
10
11
9
13
9
18
12
14
15
20
13
13
17
13
18
11
11
17
9
9
18
21
17
11
15
10
9
16
12
12
19
22
21
12
11
22
22
22
19
21
19
10
11
13
23
21
16
17
20
9
10
22
22
18
9
13
19
9
20
16
20
23
21
17
11
15
16
16
19
12
13
16
21
16
12
20
20
11
12
9
12
14
22
17
16
14
13
18
20
17
10
17
9
14
12
21
21
14
12
12
9
23
23
18
18
23
11
18
5
19
23
9
16
14
22
12
13
16
20
23
20
17
20
14
18
13
9
15
18
14
11
21
14
10
12
16
19
19
18
20
14
10
21
14
15
11
17
11
18
13
10
14
13
13
11
22
18
11
21
12
17
23
16
14
16
12
13
18
22
23
14
19
16
18
9
14
21
9
16
15
21
9
13
10
21
15
16
15
10
20
10
10
11
9
6
6
13
13
1
7
10
8
9
5
5
9
3
9
2
4
7
2
5
1
6
5
8
13
1
14
5
5
8
6
10
10
8
8
2
7
13
6
11
4
7
6
10
10
8
9
7
13
7
12
6
10
13
9
8
14
6
5
6
6
10
8
11
5
4
7
13
5
7
14
13
9
5
9
4
9
5
8
7
8
5
11
5
6
7
6
5
8
6
8
12
11
13
10
2
11
14
12
14
6
