3
10 10 10 
6
7
1
5
11
11
15
13
3
10
7
5
8
5
7
12
8
6
11
8
12
5
3
15
8
5
3
11
15
6
13
11
11
13
14
13
7
4
9
15
11
5
2
11
8
14
13
7
10
7
6
7
10
8
12
10
3
5
11
16
10
7
1
12
4
14
8
16
16
7
7
4
10
15
6
11
14
3
9
8
2
13
4
3
11
8
11
12
11
13
11
4
2
11
6
12
1
15
4
4
24
17
11
14
22
17
20
10
20
17
9
18
14
14
20
19
18
14
23
19
14
14
21
15
18
22
13
10
11
14
16
9
14
24
15
18
16
17
19
18
16
18
9
12
21
16
15
24
17
21
23
12
10
13
24
22
13
21
10
13
22
20
11
15
17
10
12
11
23
11
12
23
17
13
11
20
20
17
19
12
20
16
22
12
13
21
24
16
24
24
12
13
13
13
11
20
21
13
13
11
4
8
11
3
11
4
14
4
11
17
17
2
12
6
3
3
17
9
9
14
9
10
8
7
8
10
8
13
15
4
8
11
5
14
4
13
14
11
9
16
6
15
16
15
10
8
7
8
16
14
12
14
13
9
3
3
16
14
15
14
17
5
14
11
8
15
6
4
10
12
9
12
15
14
16
7
5
5
14
10
9
9
7
5
16
15
5
5
12
9
17
3
4
5
12
9
10
14
3
17
8
12
16
11
14
2
12
9
14
4
15
5
10
16
14
5
8
10
3
8
8
16
13
11
16
9
11
15
16
4
5
15
6
4
9
2
12
11
3
2
5
16
12
13
15
9
2
14
10
11
11
7
1
15
1
8
8
11
6
14
6
3
13
11
12
11
12
15
6
13
7
9
13
2
12
2
2
1
5
7
2
14
3
8
6
1
16
13
16
3
11
14
7
12
11
15
7
6
4
5
14
11
14
9
15
18
20
21
14
13
9
22
21
17
12
18
13
10
18
23
10
16
16
15
20
17
12
11
22
21
17
12
23
23
12
14
24
16
19
14
11
11
18
23
10
12
24
13
12
17
10
21
15
10
18
9
10
17
20
19
14
23
12
17
21
17
12
18
16
18
11
12
20
20
12
11
20
21
10
24
23
24
10
12
14
10
20
22
18
23
15
15
21
10
14
18
17
16
18
15
8
21
23
9
16
9
23
18
20
17
15
11
10
23
14
17
19
20
12
12
17
12
23
22
9
13
20
14
20
23
21
14
11
21
14
18
21
13
20
18
14
19
13
15
18
10
16
20
12
20
15
22
15
15
20
16
19
23
20
23
22
11
14
17
9
20
20
14
16
17
17
14
19
13
21
20
15
13
16
19
16
23
9
22
21
12
21
16
11
18
15
17
13
12
18
13
23
14
10
23
12
12
13
14
8
7
6
9
19
9
5
10
17
14
6
9
7
15
7
19
7
10
17
15
8
15
6
12
6
14
8
14
14
15
16
17
10
17
4
7
17
14
7
13
11
10
15
7
12
11
10
11
13
6
16
16
17
11
9
9
5
18
5
5
19
16
17
17
14
14
11
18
8
4
12
7
10
14
9
9
11
5
7
4
14
18
7
12
16
18
9
17
10
8
18
9
13
15
6
7
10
17
8
5
10
13
14
16
14
18
15
6
16
12
12
12
11
9
14
15
10
4
10
10
13
5
4
16
6
9
12
12
14
15
5
19
15
14
15
15
6
18
17
17
17
16
16
8
6
17
19
19
18
17
17
5
11
17
9
12
7
16
13
17
18
13
8
13
14
10
16
7
9
14
19
6
17
8
9
17
6
15
9
4
11
19
7
11
17
10
15
18
14
18
11
18
16
11
6
15
13
10
4
9
6
11
9
11
5
14
9
16
10
16
11
9
15
5
7
14
12
4
18
5
10
6
8
17
11
2
15
10
6
13
10
18
7
18
16
15
4
11
5
9
17
17
8
8
5
17
18
16
10
4
7
18
17
10
8
16
9
11
7
11
5
5
18
15
4
15
11
12
7
4
9
13
10
13
9
11
18
8
15
10
15
11
9
14
9
5
18
14
12
13
7
5
14
13
9
7
11
6
9
9
8
6
9
10
6
8
4
5
6
12
3
4
4
6
10
8
9
2
3
1
8
9
5
9
2
2
4
6
7
12
5
5
5
3
4
8
4
8
5
10
9
5
3
10
8
1
8
5
3
4
12
11
7
9
12
8
10
5
8
7
2
4
12
11
6
5
12
6
4
7
8
11
6
12
11
7
9
8
10
11
10
11
12
11
5
1
10
7
5
12
4
9
3
3
9
4
