3
10 10 10 
7
15
19
13
10
14
7
10
5
12
10
8
7
7
16
16
7
12
7
12
8
20
16
7
20
20
9
18
18
14
13
12
15
18
20
20
11
13
15
18
19
12
6
13
20
8
5
15
5
6
17
19
15
17
6
9
8
12
18
12
16
11
10
8
12
7
14
18
19
6
14
18
12
12
10
11
11
19
19
18
19
17
8
20
20
8
8
14
5
6
20
18
19
10
6
19
19
7
16
18
8
14
21
9
9
16
11
16
16
22
20
17
21
22
10
17
12
9
22
11
16
10
14
20
14
9
11
12
9
9
14
17
16
12
18
8
13
22
9
22
13
21
16
18
12
18
13
16
12
19
20
21
22
19
11
21
13
16
12
22
10
18
16
18
14
17
11
20
7
9
12
11
14
11
11
8
22
14
21
16
10
18
20
15
9
15
19
8
13
12
20
12
15
22
20
16
14
22
13
18
7
17
9
17
13
7
9
12
15
14
12
10
10
10
17
15
6
20
16
13
11
8
19
19
15
5
19
11
19
8
15
9
15
11
13
12
10
15
8
16
16
8
14
20
13
11
16
7
18
16
9
11
12
12
17
11
6
15
16
12
10
17
14
20
8
7
19
12
8
13
14
17
14
15
16
7
5
12
8
9
15
20
6
7
11
19
19
18
20
7
9
9
17
18
16
12
12
14
11
14
4
4
15
4
14
8
14
12
13
12
4
15
16
3
8
12
9
11
4
13
5
3
13
9
15
14
11
5
7
3
3
15
13
8
3
17
14
7
13
17
17
13
8
7
6
13
8
12
6
9
15
14
10
10
13
8
6
13
17
11
14
16
9
16
15
17
15
11
6
10
3
5
2
13
8
10
17
10
16
3
6
6
15
10
7
7
6
4
3
8
3
2
4
10
16
17
7
15
7
15
18
5
20
19
10
18
9
19
17
8
18
18
19
8
9
12
15
17
7
7
8
6
18
17
11
17
15
18
17
9
17
18
6
8
10
10
6
13
8
9
7
13
7
19
16
17
18
17
20
11
18
8
18
6
12
8
10
13
12
6
16
9
18
15
12
14
12
19
13
15
8
15
14
8
6
16
12
11
12
11
8
9
20
5
10
11
8
6
18
15
5
12
9
9
14
7
10
13
5
17
3
5
9
15
6
4
12
3
16
10
16
5
14
5
15
8
6
3
12
10
4
4
11
15
11
4
13
5
17
5
2
8
13
8
5
8
16
7
9
6
15
16
9
4
3
14
9
6
7
10
14
15
3
14
13
4
15
14
7
14
9
14
5
5
12
16
3
10
6
3
16
3
16
14
11
16
17
16
12
6
16
8
11
17
4
13
3
8
10
14
5
16
17
2
15
10
11
4
17
4
4
10
17
3
12
16
6
3
8
7
10
7
7
14
8
4
15
17
8
9
17
17
16
12
15
16
7
4
13
9
7
14
9
6
5
11
4
2
9
3
16
6
10
5
9
14
4
4
11
3
8
8
8
7
7
3
12
12
14
5
15
6
10
3
3
5
7
12
13
5
13
4
8
12
5
8
15
14
16
8
7
7
7
13
3
12
14
7
14
11
10
4
7
3
3
8
12
15
10
8
20
20
15
15
19
17
9
17
20
16
14
14
6
11
18
10
19
12
13
10
18
11
19
8
9
19
15
19
10
9
12
16
17
6
10
15
17
6
11
16
17
11
17
9
17
14
20
7
13
11
12
10
18
17
5
19
13
15
20
11
11
17
10
14
13
10
10
14
14
9
11
17
13
8
13
8
11
13
7
11
11
13
17
7
17
13
13
16
14
12
15
13
16
19
6
8
9
10
8
16
26
21
22
23
16
25
24
28
27
16
17
25
26
28
18
15
22
17
19
23
22
19
18
23
22
19
15
25
17
17
20
21
17
28
29
25
15
16
15
26
18
17
29
21
22
18
29
29
27
17
15
19
15
25
19
22
29
19
17
23
15
15
15
24
20
21
19
27
22
18
17
18
28
16
24
21
26
15
27
22
19
20
27
19
15
24
26
22
28
8
21
23
20
28
23
29
18
21
25
14
13
10
8
16
15
16
11
15
9
2
7
11
17
15
11
14
12
16
15
1
13
13
9
11
12
11
9
12
11
1
15
14
8
17
16
8
17
16
11
4
10
15
17
9
14
10
17
8
8
6
13
14
11
17
9
8
12
11
12
1
8
9
12
10
11
12
10
10
11
2
16
13
13
15
16
9
10
17
9
7
5
9
2
8
4
3
7
4
3
5
8
15
9
14
17
12
8
11
16
8
