3
10 10 10 
14
17
12
8
11
17
7
14
10
11
15
8
18
8
11
12
12
9
9
10
7
19
8
18
21
9
17
11
14
17
11
14
19
10
15
8
12
8
7
16
11
16
10
16
18
15
7
17
10
10
20
18
14
8
14
14
10
9
18
10
11
15
9
9
18
10
11
16
11
11
9
8
21
13
17
6
17
13
18
19
15
13
19
13
21
12
12
13
7
15
15
17
20
9
20
7
21
8
18
7
3
3
12
3
8
4
10
6
7
8
1
15
10
3
11
12
7
16
11
3
8
2
4
15
8
5
15
13
10
14
14
13
7
7
1
8
13
11
1
10
2
15
15
11
8
3
13
14
2
14
7
8
13
10
13
12
5
11
9
14
16
7
2
14
6
4
13
10
14
13
4
6
2
4
7
16
5
3
13
12
15
10
9
5
3
6
15
14
8
7
11
14
4
12
11
9
14
7
2
3
11
22
11
18
16
19
12
15
17
20
14
16
12
19
14
23
12
15
10
16
13
13
16
11
23
19
18
11
16
10
24
24
9
24
17
18
22
18
12
11
10
22
16
16
16
17
13
15
19
10
23
20
22
18
11
23
16
12
17
23
10
18
23
10
24
15
10
21
24
11
24
17
17
23
16
10
16
20
23
18
22
13
14
19
22
22
24
20
17
22
20
17
24
10
17
23
23
24
12
13
12
21
9
22
13
18
10
20
12
17
8
21
14
11
22
22
16
11
19
21
22
17
20
12
22
17
18
19
12
11
22
16
10
8
8
22
11
10
19
15
11
11
14
9
22
20
9
15
9
7
12
13
15
22
11
11
13
13
13
16
17
15
15
18
10
16
10
9
19
12
12
17
8
16
16
9
15
14
17
15
21
20
12
13
11
7
8
9
12
13
18
14
14
11
10
8
11
13
16
14
4
12
16
6
4
7
12
4
1
14
7
5
10
11
14
13
3
4
1
7
12
3
13
11
15
13
3
2
10
13
5
14
8
11
10
11
16
5
12
2
10
10
12
3
11
9
6
4
3
14
9
6
7
13
15
12
9
8
11
11
4
7
15
11
2
8
12
8
10
8
15
4
8
11
13
2
3
9
4
12
13
1
4
16
3
15
14
13
14
12
8
8
6
5
13
15
5
4
2
12
12
7
12
8
14
9
12
16
7
16
17
6
4
9
14
15
13
13
17
17
15
14
2
16
5
5
15
11
7
14
3
17
11
13
7
7
10
17
13
16
8
12
4
16
10
8
4
6
10
5
12
8
9
5
15
13
7
13
7
5
17
14
4
11
16
16
6
10
7
9
8
4
3
16
17
17
5
5
6
14
14
15
11
5
9
8
14
15
10
11
9
10
15
11
10
13
15
6
2
5
13
18
7
16
17
16
17
14
14
10
12
14
17
14
20
20
9
13
7
6
14
16
14
11
17
11
5
10
11
16
8
19
8
13
12
11
9
6
7
10
8
18
8
16
14
16
7
19
12
15
13
19
15
8
12
12
11
17
17
17
12
11
6
6
18
12
11
13
6
12
18
9
10
6
11
10
8
18
9
14
13
16
13
14
10
19
20
15
8
16
19
15
7
20
9
12
19
14
20
12
2
3
9
1
16
15
11
8
15
6
3
5
15
10
8
11
9
5
9
16
8
6
5
12
6
11
13
10
11
8
2
11
9
9
12
9
15
6
7
13
2
8
16
14
9
15
16
16
3
9
6
15
4
9
4
8
10
7
8
4
14
9
7
5
2
9
5
1
7
5
10
4
5
7
10
10
15
8
10
6
16
2
12
15
5
12
4
12
7
10
4
2
14
10
7
10
4
6
14
9
27
19
14
20
15
17
15
16
15
22
25
26
16
15
25
22
17
23
20
16
24
23
21
16
23
26
27
24
15
24
28
28
22
19
20
23
15
28
17
16
28
28
20
14
22
17
15
25
18
28
20
28
23
9
19
23
17
16
28
27
25
23
18
23
16
25
23
17
18
22
20
21
14
26
27
22
20
22
24
24
26
23
15
16
17
27
18
27
14
17
25
17
19
21
28
28
18
14
17
14
7
8
9
5
5
9
15
10
8
15
10
12
6
4
6
13
15
15
11
15
10
15
14
2
14
10
14
10
11
15
6
12
7
1
15
8
14
7
14
8
6
11
6
7
11
6
14
12
7
11
9
3
2
3
2
9
6
2
6
4
9
8
9
4
13
8
14
11
11
13
14
11
10
1
12
15
7
12
11
8
7
10
6
5
15
12
8
14
15
10
12
8
14
9
14
11
10
15
6
15
