3
10 10 10 
23
10
20
20
20
9
20
15
22
14
24
19
17
23
19
9
19
9
18
19
20
14
16
10
18
11
18
20
15
17
15
17
23
23
13
20
11
19
23
17
18
21
16
20
20
22
14
14
14
15
24
16
11
15
16
11
23
23
15
20
23
20
13
22
18
16
24
10
12
14
10
12
10
16
22
13
20
18
18
24
16
17
15
17
15
21
18
12
13
23
24
18
10
19
15
10
17
13
11
11
10
12
6
5
13
12
12
3
14
17
13
5
12
10
16
18
10
17
15
11
11
10
4
16
14
9
10
9
10
13
16
6
4
8
15
6
11
8
7
13
14
8
14
13
15
12
6
6
17
17
4
8
14
11
13
17
16
4
7
7
7
13
17
6
10
6
17
17
10
5
18
12
16
13
8
4
7
10
6
5
15
14
18
11
14
5
18
4
14
7
8
17
8
13
12
15
16
10
5
14
14
14
16
11
17
14
13
20
6
16
18
15
16
13
15
21
15
12
17
19
13
10
15
10
15
10
13
21
11
19
12
19
18
13
15
13
12
7
18
13
8
7
13
9
21
7
9
14
18
12
11
18
16
6
12
21
16
7
11
15
12
17
12
17
20
18
17
19
15
9
15
13
10
7
19
12
6
11
6
20
10
13
18
13
14
8
12
8
14
9
8
21
11
20
8
10
8
18
13
17
10
16
6
18
12
5
18
15
10
3
7
9
4
17
7
13
6
14
8
13
5
6
13
8
11
8
5
8
14
9
13
12
7
16
11
7
17
10
10
14
10
14
13
18
4
8
4
6
18
14
9
12
18
18
8
10
15
16
7
16
7
16
11
11
13
18
6
4
17
12
7
8
15
16
14
7
5
7
3
16
11
17
6
11
16
12
15
15
15
4
4
15
8
8
7
7
18
13
10
9
13
3
9
6
12
4
14
16
13
8
10
8
17
12
7
5
16
8
16
15
12
13
3
8
17
13
6
7
12
9
4
15
16
3
11
10
12
7
8
7
3
7
3
9
9
7
3
14
5
16
11
16
4
12
6
3
15
16
15
16
6
9
14
12
10
7
4
4
3
16
14
4
7
17
11
6
7
4
3
10
2
13
15
5
14
10
12
11
9
2
8
10
13
16
13
8
15
9
16
16
5
13
16
11
4
11
15
5
10
6
14
5
14
8
15
12
14
4
9
3
16
11
7
8
3
10
4
8
5
5
11
13
16
2
6
9
2
10
3
9
2
13
15
13
3
13
17
4
9
10
11
8
8
12
6
5
4
13
14
10
7
7
11
10
14
11
6
7
11
15
15
10
3
5
13
10
7
5
12
13
12
4
12
10
6
7
4
7
9
15
14
5
13
15
13
9
8
17
5
9
15
6
8
13
8
10
8
19
17
9
8
16
5
14
10
8
18
18
7
12
7
14
9
17
14
13
10
10
16
7
19
4
18
15
6
12
5
19
7
11
16
11
14
5
17
8
18
14
13
16
8
5
18
9
8
8
5
17
13
17
6
15
17
19
16
11
18
9
11
5
15
7
19
10
13
9
13
12
18
7
8
13
14
14
17
19
17
10
8
10
6
8
11
10
15
8
17
13
13
8
2
9
3
5
8
14
8
12
15
2
7
8
6
3
7
14
4
11
11
16
5
9
14
12
12
9
8
16
7
3
9
14
10
2
9
8
6
2
3
12
9
15
3
13
16
15
9
12
9
11
11
5
10
15
7
5
7
6
11
5
6
2
8
6
3
15
12
15
15
13
11
15
13
4
11
4
1
11
14
16
12
15
4
5
6
2
7
4
6
9
14
12
11
6
1
2
4
5
14
4
18
17
19
16
22
20
21
17
18
13
15
22
19
22
12
15
21
15
20
12
25
19
20
19
13
13
25
24
22
21
24
13
18
23
18
21
22
20
26
22
21
22
24
20
24
24
22
26
12
23
12
18
16
12
25
24
19
16
21
15
18
25
16
16
13
14
9
25
24
14
17
19
15
19
23
24
15
20
12
15
13
24
22
19
20
22
23
24
15
21
18
25
12
23
15
23
15
24
14
13
6
8
6
5
7
6
9
5
12
7
8
12
10
12
12
11
3
8
8
5
13
9
3
9
4
13
1
7
7
9
11
11
13
5
5
4
3
7
7
11
8
10
6
8
8
6
5
5
9
4
11
10
13
9
6
5
8
11
10
13
3
6
6
6
3
2
1
4
9
8
5
4
10
7
10
4
4
5
8
7
5
5
5
7
12
9
6
9
7
9
8
11
13
7
5
10
2
11
12
4
