3
10 10 10 
9
6
10
17
12
16
14
12
19
20
7
21
13
13
19
11
7
9
18
11
10
7
21
20
20
18
21
16
13
14
19
18
16
15
19
14
16
19
20
13
18
12
20
16
17
18
20
10
20
16
15
9
9
14
13
8
10
14
18
9
13
7
12
8
6
17
7
17
14
20
14
9
16
12
10
13
8
16
16
14
18
10
9
20
8
16
14
20
15
17
7
7
17
19
14
18
14
15
20
13
10
14
13
19
13
13
13
13
23
17
23
15
19
23
11
23
20
10
21
22
23
14
13
18
13
22
23
11
15
22
16
23
18
18
10
22
23
13
10
13
12
23
10
20
14
11
12
10
18
23
14
17
19
23
18
22
21
23
15
19
11
20
16
20
21
23
17
11
11
9
15
14
24
14
9
17
20
24
19
12
17
24
23
15
18
22
24
22
11
14
19
20
17
21
19
20
20
18
13
22
19
12
12
10
12
5
13
20
18
7
15
18
10
11
13
9
16
10
17
10
12
8
10
17
12
6
18
8
5
10
8
20
17
15
16
15
7
8
15
19
16
16
8
12
6
14
9
8
11
12
12
10
7
9
8
13
11
6
9
18
11
12
9
5
14
12
19
9
6
13
10
11
8
20
14
6
6
15
10
8
6
16
7
10
18
9
12
18
7
19
7
20
9
20
8
9
19
14
13
19
8
9
17
17
19
9
10
9
20
16
14
12
19
13
16
6
8
11
10
5
7
16
19
19
16
5
18
11
6
14
10
12
9
20
15
6
18
10
17
13
8
12
13
14
10
5
17
18
7
7
8
15
9
10
14
8
13
18
20
12
13
16
11
16
16
13
16
20
17
11
20
13
19
6
14
17
6
11
15
15
20
9
10
9
14
10
18
13
8
8
20
15
19
18
17
6
17
13
13
12
10
17
7
10
12
17
10
18
7
20
11
9
20
17
18
16
18
11
9
8
9
18
17
7
10
21
19
21
18
20
16
8
16
8
18
21
11
7
8
12
12
21
15
12
17
12
7
14
17
6
10
8
12
13
18
20
17
10
8
8
7
7
10
8
16
11
20
8
14
12
10
13
9
10
13
14
12
11
6
12
14
17
13
11
9
10
9
11
19
11
12
20
19
15
14
13
12
19
13
12
5
8
6
12
5
16
2
13
4
15
15
10
14
4
14
12
10
10
1
13
10
7
5
15
9
11
12
6
14
8
15
16
10
6
6
14
16
5
6
13
8
4
10
8
10
5
12
5
13
5
16
14
1
12
12
16
13
14
5
2
5
4
15
6
15
5
3
15
9
7
11
7
1
12
5
10
7
16
5
4
10
10
15
3
5
2
9
8
14
13
10
10
7
9
14
13
13
8
11
12
13
5
14
17
18
16
13
16
5
12
5
17
18
17
7
9
15
14
12
16
14
15
18
7
6
7
6
14
7
10
17
7
16
11
11
14
14
4
18
6
11
5
19
17
17
6
7
13
8
14
15
18
16
6
12
17
15
6
12
9
17
17
12
15
10
5
17
12
12
16
14
12
17
14
9
6
8
11
6
11
12
17
4
16
9
18
16
14
13
17
12
9
15
10
17
10
7
9
7
15
17
16
14
12
17
10
20
15
13
12
11
11
11
15
24
18
16
23
15
16
10
18
22
20
14
24
15
21
10
22
9
21
17
13
10
20
12
10
23
18
20
11
12
14
19
17
12
20
17
11
9
22
17
9
12
19
20
11
17
16
19
15
13
12
11
20
13
14
20
19
14
23
12
23
12
14
15
22
24
23
15
24
13
15
16
16
9
13
10
11
20
20
16
16
14
17
10
10
13
14
17
9
22
18
14
15
10
9
9
9
13
13
9
13
9
16
9
11
11
20
21
11
14
12
19
16
9
11
12
23
16
12
15
14
21
12
12
13
21
13
22
17
9
22
22
16
22
13
19
9
10
23
18
22
18
20
8
20
19
9
9
10
16
12
17
13
17
11
17
14
16
13
12
10
13
18
15
11
23
20
15
23
21
21
9
11
16
19
23
11
19
22
11
18
17
11
8
17
22
16
3
8
7
7
6
10
3
3
10
10
3
11
7
2
9
11
4
6
7
10
2
6
8
3
5
4
6
2
9
3
6
3
9
3
8
6
9
2
7
11
11
9
2
8
11
2
7
3
6
2
4
5
8
7
9
5
7
5
6
9
7
8
3
6
9
9
6
2
11
8
2
10
7
4
9
6
6
4
10
10
7
2
8
4
10
7
6
11
11
7
11
8
3
2
2
3
2
1
11
3
