3
10 10 10 
11
11
11
23
22
15
14
20
20
19
20
9
21
19
10
23
16
19
17
10
11
14
20
12
21
18
18
15
23
23
9
18
10
11
17
23
10
13
20
13
9
23
13
14
18
15
20
16
18
13
19
21
10
22
9
23
23
9
22
23
9
22
9
11
17
17
17
17
14
14
21
21
19
18
11
21
9
14
21
10
19
9
15
8
20
14
22
18
14
23
9
13
16
23
13
18
23
12
18
17
21
15
9
19
22
13
14
19
21
17
12
11
12
19
21
20
21
15
23
10
15
18
14
12
18
16
12
19
17
21
8
14
12
15
9
10
20
22
20
9
16
16
20
19
12
16
23
9
15
14
10
22
23
22
17
16
22
21
19
16
18
19
14
14
11
21
16
16
21
20
17
13
13
13
15
22
14
8
21
23
20
11
16
10
10
20
19
11
11
23
21
18
17
9
15
14
18
14
22
10
14
12
16
14
3
4
7
7
12
3
16
17
5
14
7
6
17
9
10
5
16
10
13
5
5
4
3
3
7
8
7
3
8
6
15
2
17
14
4
6
8
11
4
14
15
8
4
3
7
10
10
9
14
10
12
9
4
13
10
11
3
7
14
10
6
4
7
5
7
15
15
5
8
9
16
13
15
9
13
4
8
13
2
6
12
4
4
13
15
3
5
6
7
2
13
2
10
10
4
15
17
8
13
18
11
16
8
19
8
22
12
12
15
19
21
20
14
14
18
8
18
12
7
10
13
19
9
8
11
13
13
21
15
10
17
18
11
10
21
18
16
9
8
8
21
22
12
20
20
22
20
7
20
12
12
11
16
14
13
21
12
9
20
11
19
21
21
22
15
20
17
7
14
10
8
20
9
19
17
21
19
20
21
16
10
17
11
19
15
8
17
10
7
17
21
14
14
11
13
20
8
8
14
13
16
18
11
15
17
9
13
7
19
14
16
19
17
18
16
12
10
6
9
11
19
11
16
13
9
16
18
17
10
12
10
16
21
13
12
20
8
7
12
16
11
20
10
15
7
13
8
13
8
11
9
20
7
19
12
9
15
16
21
10
21
9
19
12
15
15
12
9
16
9
18
12
14
13
20
14
20
15
7
8
12
10
14
13
15
11
17
15
7
16
18
13
10
7
11
9
8
17
13
7
18
20
14
14
9
8
15
17
9
12
19
16
12
11
16
21
11
18
12
10
19
20
20
8
17
11
17
19
13
17
11
9
7
11
9
10
11
9
19
14
14
8
15
19
13
9
18
11
13
16
7
11
15
20
12
6
9
16
15
14
8
10
10
17
11
14
10
21
20
14
11
20
14
13
14
19
11
9
8
9
7
18
9
11
18
14
7
13
8
9
12
16
12
15
12
8
3
12
10
14
11
3
2
16
7
2
16
10
9
7
10
3
4
16
13
6
15
16
4
5
5
7
13
4
4
6
13
7
16
6
4
2
14
11
15
6
1
11
7
6
10
12
14
12
14
13
16
11
4
15
14
7
10
11
10
12
13
6
7
10
12
3
12
13
1
13
5
13
8
11
2
2
13
14
3
11
2
3
6
4
16
10
2
10
3
3
12
8
8
11
3
4
5
6
7
12
10
13
17
21
7
12
15
22
19
9
7
21
14
19
9
12
17
7
9
11
18
10
16
16
15
13
17
13
22
14
17
9
20
18
21
12
22
22
11
19
8
18
18
15
21
12
21
18
19
15
22
21
9
22
13
17
12
15
15
19
22
9
20
11
10
12
15
11
7
11
11
14
11
21
15
11
21
21
16
8
17
15
14
16
16
13
14
11
10
22
18
21
21
11
9
16
15
14
8
10
14
18
21
12
13
24
13
11
18
20
17
21
20
10
7
11
11
10
23
15
10
21
14
16
22
15
18
11
22
18
24
22
22
24
10
16
12
24
19
20
18
21
13
21
16
20
23
24
20
13
14
21
24
11
19
13
23
13
15
20
21
21
24
10
20
24
16
22
16
17
9
16
14
13
12
12
23
17
19
19
21
15
22
12
16
16
23
22
11
20
24
14
16
24
14
11
15
12
15
13
13
8
12
5
3
13
3
7
13
4
1
8
3
5
4
7
3
6
2
3
5
5
9
13
8
8
12
5
4
7
4
8
8
8
8
11
10
7
5
11
9
13
10
6
3
11
12
9
11
8
5
12
9
13
2
9
7
12
12
7
5
12
13
10
2
7
7
7
12
10
4
8
12
12
1
13
11
11
10
8
7
4
7
4
6
6
9
8
4
9
13
8
10
13
3
6
8
11
11
9
