3
10 10 10 
23
17
10
17
19
12
14
16
12
20
20
9
19
19
20
19
22
18
17
17
16
17
20
15
19
23
23
20
14
11
17
21
10
19
21
21
14
12
14
17
15
8
17
11
12
14
23
15
20
19
17
22
17
10
19
9
12
10
16
9
23
10
16
12
12
13
9
16
10
12
13
19
10
22
21
14
20
12
12
23
14
20
20
15
14
9
16
9
17
15
9
16
15
10
19
11
21
20
10
22
12
13
18
6
18
18
17
7
6
20
17
8
6
16
11
11
14
20
19
7
17
7
13
8
19
13
12
10
17
14
12
8
21
19
12
13
9
9
9
10
9
9
20
18
10
16
7
9
13
12
16
17
12
7
18
17
13
15
11
16
7
18
9
13
15
15
12
9
16
15
12
12
9
17
8
19
12
15
20
11
20
15
21
11
7
17
13
20
16
18
14
10
14
8
16
15
16
13
16
12
7
8
16
17
20
21
18
12
6
9
7
15
10
19
11
8
18
7
18
8
17
16
10
13
14
7
11
7
18
12
19
10
19
12
11
15
16
10
12
15
13
20
8
8
9
20
9
21
20
21
14
7
8
18
14
7
9
11
14
13
8
18
16
20
8
12
12
11
15
11
19
13
9
20
15
18
17
10
17
9
15
16
15
8
19
7
8
7
18
7
21
20
19
7
11
13
11
17
17
20
18
14
12
16
13
20
14
22
16
19
8
15
12
19
8
9
8
9
16
12
22
10
16
16
8
20
21
19
12
20
9
14
18
13
14
8
11
21
14
12
10
16
20
15
19
11
9
11
14
9
8
20
12
16
13
18
21
11
15
18
15
9
10
11
15
16
20
12
8
12
17
11
12
21
10
14
11
11
19
17
12
19
14
8
12
10
7
19
17
21
18
12
20
19
21
15
19
16
13
8
4
10
6
15
8
10
7
4
12
15
12
16
17
4
10
10
16
5
6
5
15
5
17
10
14
9
5
12
11
11
11
12
10
13
17
2
15
13
7
16
7
4
3
12
11
12
5
3
11
14
6
13
11
14
4
12
12
10
14
13
10
7
6
11
15
9
11
4
5
7
10
9
16
9
11
9
4
13
16
4
10
11
6
2
8
7
4
9
7
15
4
13
11
14
7
15
6
8
16
8
7
8
16
10
9
17
20
10
19
12
14
11
19
14
18
13
20
12
20
16
7
11
17
18
18
18
19
7
7
16
19
16
10
7
12
13
18
12
17
17
9
18
14
16
12
11
15
18
9
7
12
11
12
17
15
9
6
13
17
14
14
8
16
19
10
8
11
14
6
14
9
9
18
9
11
16
6
6
13
9
7
14
7
6
10
16
17
17
8
20
17
17
8
5
13
7
19
7
12
12
23
20
18
19
22
18
9
20
15
11
19
16
11
20
23
13
12
10
13
16
14
11
12
9
20
15
10
17
18
13
18
17
9
20
20
14
14
11
18
12
14
13
20
16
16
11
21
19
13
17
11
9
10
14
17
21
12
18
15
22
23
17
23
23
13
19
20
10
22
14
8
21
19
18
17
19
10
10
16
13
15
9
16
9
11
15
18
15
19
13
23
18
19
23
10
18
13
19
21
22
17
9
18
14
21
21
12
16
9
16
19
22
14
19
13
21
10
17
16
18
22
19
19
22
19
21
20
10
19
13
20
21
15
16
12
20
21
8
13
21
10
10
22
16
13
19
21
15
14
20
18
13
9
14
19
20
12
7
16
13
15
21
11
13
20
11
9
9
9
9
16
17
12
10
8
12
15
19
18
13
17
16
9
14
18
8
11
22
19
10
21
12
11
10
10
16
14
19
19
7
19
9
22
15
22
23
15
14
13
12
12
11
10
18
20
22
19
14
18
14
21
13
14
15
24
21
21
16
20
19
21
13
12
19
12
16
24
24
20
19
11
22
14
12
23
24
16
17
14
24
21
9
14
17
23
20
20
11
18
16
12
14
11
14
15
20
20
21
20
4
17
16
14
15
21
23
13
12
15
21
16
20
24
24
10
24
14
12
19
22
13
16
10
18
20
15
16
23
19
13
12
14
12
17
10
11
10
18
10
5
18
17
10
10
11
15
18
13
13
9
12
18
10
11
8
17
18
9
13
6
13
9
9
10
12
9
11
16
11
4
18
14
13
18
15
14
12
13
16
4
18
11
10
17
14
15
15
15
15
8
8
3
5
7
8
4
4
5
6
7
11
13
15
16
13
14
13
18
18
5
16
17
15
10
16
12
18
12
9
7
15
14
18
18
9
13
16
16
12
8
